$
3438
$
1,0.000,31.135,7.827
2,0.000,31.135,10.922
3,0.151,31.135,7.838
4,0.151,31.135,10.911
5,0.301,31.135,7.860
6,0.301,31.135,10.888
7,0.449,31.135,7.894
8,0.449,31.135,10.855
9,0.590,31.135,7.949
10,0.590,31.135,10.800
11,0.728,31.135,8.012
12,0.728,31.135,10.736
13,0.858,31.135,8.090
14,0.858,31.135,10.658
15,0.979,31.135,8.182
16,0.979,31.135,10.567
17,1.094,31.135,8.280
18,1.094,31.135,10.469
19,1.192,31.135,8.396
20,1.192,31.135,10.353
21,1.284,31.135,8.516
22,1.284,31.135,10.232
23,1.362,31.135,8.646
24,1.362,31.135,10.102
25,1.425,31.135,8.784
26,1.425,31.135,9.965
27,1.481,31.135,8.925
28,1.481,31.135,9.823
29,1.514,31.135,9.073
30,1.514,31.135,9.675
31,1.537,31.135,9.223
32,1.537,31.135,9.526
33,1.548,31.135,9.374
34,0.000,31.378,7.827
35,0.000,31.378,10.922
36,0.152,31.378,7.836
37,0.152,31.378,10.913
38,0.302,31.378,7.858
39,0.302,31.378,10.891
40,0.449,31.378,7.894
41,0.449,31.378,10.855
42,0.591,31.378,7.946
43,0.591,31.378,10.802
44,0.729,31.378,8.011
45,0.729,31.378,10.738
46,0.859,31.378,8.089
47,0.859,31.378,10.660
48,0.980,31.378,8.180
49,0.980,31.378,10.569
50,1.094,31.378,8.280
51,1.094,31.378,10.469
52,1.195,31.378,8.394
53,1.195,31.378,10.355
54,1.286,31.378,8.515
55,1.286,31.378,10.233
56,1.364,31.378,8.645
57,1.364,31.378,10.103
58,1.428,31.378,8.783
59,1.428,31.378,9.966
60,1.481,31.378,8.925
61,1.481,31.378,9.823
62,1.516,31.378,9.073
63,1.516,31.378,9.676
64,1.539,31.378,9.223
65,1.539,31.378,9.526
66,1.548,31.378,9.374
67,0.000,31.552,7.827
68,0.000,31.552,10.922
69,0.152,31.552,7.834
70,0.152,31.552,10.914
71,0.302,31.552,7.856
72,0.302,31.552,10.892
73,0.449,31.552,7.893
74,0.449,31.552,10.855
75,0.592,31.552,7.944
76,0.592,31.552,10.804
77,0.730,31.552,8.009
78,0.730,31.552,10.739
79,0.860,31.552,8.087
80,0.860,31.552,10.661
81,0.982,31.552,8.178
82,0.982,31.552,10.571
83,1.094,31.552,8.280
84,1.094,31.552,10.469
85,1.196,31.552,8.393
86,1.196,31.552,10.356
87,1.287,31.552,8.515
88,1.287,31.552,10.234
89,1.365,31.552,8.645
90,1.365,31.552,10.104
91,1.430,31.552,8.782
92,1.430,31.552,9.966
93,1.481,31.552,8.925
94,1.481,31.552,9.823
95,1.518,31.552,9.072
96,1.518,31.552,9.676
97,1.540,31.552,9.223
98,1.540,31.552,9.526
99,1.548,31.552,9.374
100,0.000,31.706,7.816
101,0.000,31.706,10.932
102,0.153,31.706,7.824
103,0.153,31.706,10.925
104,0.304,31.706,7.846
105,0.304,31.706,10.902
106,0.452,31.706,7.883
107,0.452,31.706,10.865
108,0.596,31.706,7.935
109,0.596,31.706,10.814
110,0.734,31.706,8.000
111,0.734,31.706,10.748
112,0.865,31.706,8.079
113,0.865,31.706,10.670
114,0.988,31.706,8.170
115,0.988,31.706,10.579
116,1.102,31.706,8.273
117,1.102,31.706,10.476
118,1.204,31.706,8.386
119,1.204,31.706,10.363
120,1.295,31.706,8.509
121,1.295,31.706,10.240
122,1.374,31.706,8.640
123,1.374,31.706,10.109
124,1.439,31.706,8.778
125,1.439,31.706,9.970
126,1.491,31.706,8.922
127,1.491,31.706,9.826
128,1.528,31.706,9.070
129,1.528,31.706,9.678
130,1.550,31.706,9.222
131,1.550,31.706,9.527
132,1.558,31.706,9.374
133,0.000,31.816,7.809
134,0.000,31.816,10.940
135,0.153,31.816,7.817
136,0.153,31.816,10.932
137,0.305,31.816,7.839
138,0.305,31.816,10.910
139,0.454,31.816,7.876
140,0.454,31.816,10.872
141,0.599,31.816,7.928
142,0.599,31.816,10.820
143,0.738,31.816,7.994
144,0.738,31.816,10.755
145,0.870,31.816,8.073
146,0.870,31.816,10.676
147,0.993,31.816,8.164
148,0.993,31.816,10.584
149,1.107,31.816,8.267
150,1.107,31.816,10.481
151,1.210,31.816,8.381
152,1.210,31.816,10.367
153,1.302,31.816,8.505
154,1.302,31.816,10.244
155,1.380,31.816,8.636
156,1.380,31.816,10.112
157,1.446,31.816,8.775
158,1.446,31.816,9.973
159,1.498,31.816,8.920
160,1.498,31.816,9.829
161,1.535,31.816,9.069
162,1.535,31.816,9.680
163,1.558,31.816,9.221
164,1.558,31.816,9.528
165,1.565,31.816,9.374
166,0.000,31.896,7.804
167,0.000,31.896,10.945
168,0.154,31.896,7.811
169,0.154,31.896,10.937
170,0.306,31.896,7.834
171,0.306,31.896,10.915
172,0.456,31.896,7.871
173,0.456,31.896,10.877
174,0.601,31.896,7.923
175,0.601,31.896,10.825
176,0.740,31.896,7.989
177,0.740,31.896,10.760
178,0.873,31.896,8.068
179,0.873,31.896,10.680
180,0.996,31.896,8.160
181,0.996,31.896,10.589
182,1.111,31.896,8.264
183,1.111,31.896,10.485
184,1.214,31.896,8.378
185,1.214,31.896,10.371
186,1.306,31.896,8.502
187,1.306,31.896,10.247
188,1.385,31.896,8.634
189,1.385,31.896,10.115
190,1.451,31.896,8.773
191,1.451,31.896,9.975
192,1.503,31.896,8.918
193,1.503,31.896,9.830
194,1.541,31.896,9.068
195,1.541,31.896,9.681
196,1.563,31.896,9.220
197,1.563,31.896,9.528
198,1.571,31.896,9.374
199,0.000,31.955,7.800
200,0.000,31.955,10.949
201,0.154,31.955,7.807
202,0.154,31.955,10.941
203,0.307,31.955,7.830
204,0.307,31.955,10.919
205,0.457,31.955,7.867
206,0.457,31.955,10.881
207,0.603,31.955,7.919
208,0.603,31.955,10.829
209,0.742,31.955,7.986
210,0.742,31.955,10.763
211,0.875,31.955,8.065
212,0.875,31.955,10.684
213,0.999,31.955,8.157
214,0.999,31.955,10.592
215,1.113,31.955,8.261
216,1.113,31.955,10.488
217,1.217,31.955,8.375
218,1.217,31.955,10.373
219,1.309,31.955,8.499
220,1.309,31.955,10.249
221,1.389,31.955,8.632
222,1.389,31.955,10.117
223,1.455,31.955,8.772
224,1.455,31.955,9.977
225,1.507,31.955,8.917
226,1.507,31.955,9.831
227,1.544,31.955,9.067
228,1.544,31.955,9.682
229,1.567,31.955,9.220
230,1.567,31.955,9.529
231,1.575,31.955,9.374
232,0.000,31.999,7.797
233,0.000,31.999,10.952
234,0.155,31.999,7.804
235,0.155,31.999,10.944
236,0.308,31.999,7.827
237,0.308,31.999,10.922
238,0.458,31.999,7.865
239,0.458,31.999,10.884
240,0.604,31.999,7.917
241,0.604,31.999,10.832
242,0.744,31.999,7.983
243,0.744,31.999,10.766
244,0.876,31.999,8.063
245,0.876,31.999,10.686
246,1.001,31.999,8.155
247,1.001,31.999,10.594
248,1.116,31.999,8.259
249,1.116,31.999,10.490
250,1.219,31.999,8.373
251,1.219,31.999,10.375
252,1.312,31.999,8.498
253,1.312,31.999,10.251
254,1.391,31.999,8.631
255,1.391,31.999,10.118
256,1.458,31.999,8.771
257,1.458,31.999,9.978
258,1.510,31.999,8.916
259,1.510,31.999,9.832
260,1.547,31.999,9.067
261,1.547,31.999,9.682
262,1.570,31.999,9.220
263,1.570,31.999,9.529
264,1.578,31.999,9.374
265,0.000,32.031,7.795
266,0.000,32.031,10.954
267,0.155,32.031,7.802
268,0.155,32.031,10.946
269,0.308,32.031,7.825
270,0.308,32.031,10.924
271,0.459,32.031,7.863
272,0.459,32.031,10.886
273,0.605,32.031,7.915
274,0.605,32.031,10.834
275,0.745,32.031,7.981
276,0.745,32.031,10.768
277,0.878,32.031,8.061
278,0.878,32.031,10.688
279,1.002,32.031,8.153
280,1.002,32.031,10.596
281,1.117,32.031,8.257
282,1.117,32.031,10.491
283,1.221,32.031,8.372
284,1.221,32.031,10.377
285,1.314,32.031,8.497
286,1.314,32.031,10.252
287,1.393,32.031,8.630
288,1.393,32.031,10.119
289,1.460,32.031,8.770
290,1.460,32.031,9.979
291,1.512,32.031,8.916
292,1.512,32.031,9.833
293,1.549,32.031,9.066
294,1.549,32.031,9.683
295,1.572,32.031,9.219
296,1.572,32.031,9.529
297,1.580,32.031,9.374
298,0.000,32.055,7.793
299,0.000,32.055,10.956
300,0.155,32.055,7.801
301,0.155,32.055,10.948
302,0.309,32.055,7.823
303,0.309,32.055,10.925
304,0.459,32.055,7.861
305,0.459,32.055,10.888
306,0.605,32.055,7.913
307,0.605,32.055,10.835
308,0.745,32.055,7.980
309,0.745,32.055,10.769
310,0.879,32.055,8.059
311,0.879,32.055,10.689
312,1.003,32.055,8.152
313,1.003,32.055,10.597
314,1.118,32.055,8.256
315,1.118,32.055,10.493
316,1.222,32.055,8.371
317,1.222,32.055,10.378
318,1.315,32.055,8.496
319,1.315,32.055,10.253
320,1.395,32.055,8.629
321,1.395,32.055,10.120
322,1.461,32.055,8.769
323,1.461,32.055,9.979
324,1.513,32.055,8.915
325,1.513,32.055,9.833
326,1.551,32.055,9.066
327,1.551,32.055,9.683
328,1.574,32.055,9.219
329,1.574,32.055,9.529
330,1.581,32.055,9.374
331,0.000,32.073,7.792
332,0.000,32.073,7.792
333,0.000,32.073,10.957
334,0.000,32.073,10.957
335,0.155,32.073,7.799
336,0.155,32.073,7.799
337,0.155,32.073,10.949
338,0.155,32.073,10.949
339,0.309,32.073,7.822
340,0.309,32.073,7.822
341,0.309,32.073,10.926
342,0.309,32.073,10.926
343,0.459,32.073,7.860
344,0.459,32.073,7.860
345,0.459,32.073,10.889
346,0.459,32.073,10.889
347,0.606,32.073,7.912
348,0.606,32.073,7.912
349,0.606,32.073,10.836
350,0.606,32.073,10.836
351,0.746,32.073,7.979
352,0.746,32.073,7.979
353,0.746,32.073,10.770
354,0.746,32.073,10.770
355,0.879,32.073,8.058
356,0.879,32.073,8.058
357,0.879,32.073,10.690
358,0.879,32.073,10.690
359,1.004,32.073,8.151
360,1.004,32.073,8.151
361,1.004,32.073,10.598
362,1.004,32.073,10.598
363,1.119,32.073,8.255
364,1.119,32.073,8.255
365,1.119,32.073,10.493
366,1.119,32.073,10.493
367,1.223,32.073,8.370
368,1.223,32.073,8.370
369,1.223,32.073,10.378
370,1.223,32.073,10.378
371,1.316,32.073,8.495
372,1.316,32.073,8.495
373,1.316,32.073,10.254
374,1.316,32.073,10.254
375,1.396,32.073,8.628
376,1.396,32.073,8.628
377,1.396,32.073,10.120
378,1.396,32.073,10.120
379,1.462,32.073,8.769
380,1.462,32.073,8.769
381,1.462,32.073,9.980
382,1.462,32.073,9.980
383,1.514,32.073,8.915
384,1.514,32.073,8.915
385,1.514,32.073,9.834
386,1.514,32.073,9.834
387,1.552,32.073,9.066
388,1.552,32.073,9.066
389,1.552,32.073,9.683
390,1.552,32.073,9.683
391,1.575,32.073,9.219
392,1.575,32.073,9.219
393,1.575,32.073,9.529
394,1.575,32.073,9.529
395,1.583,32.073,9.374
396,1.583,32.073,9.374
397,0.000,32.094,7.792
398,0.000,32.094,10.957
399,0.155,32.094,7.799
400,0.155,32.094,10.949
401,0.309,32.094,7.822
402,0.309,32.094,10.927
403,0.459,32.094,7.860
404,0.459,32.094,10.889
405,0.606,32.094,7.912
406,0.606,32.094,10.837
407,0.746,32.094,7.978
408,0.746,32.094,10.770
409,0.879,32.094,8.058
410,0.879,32.094,10.690
411,1.004,32.094,8.151
412,1.004,32.094,10.598
413,1.119,32.094,8.255
414,1.119,32.094,10.494
415,1.223,32.094,8.370
416,1.223,32.094,10.378
417,1.316,32.094,8.495
418,1.316,32.094,10.254
419,1.396,32.094,8.628
420,1.396,32.094,10.120
421,1.462,32.094,8.769
422,1.462,32.094,9.980
423,1.515,32.094,8.915
424,1.515,32.094,9.834
425,1.552,32.094,9.066
426,1.552,32.094,9.683
427,1.575,32.094,9.219
428,1.575,32.094,9.529
429,1.583,32.094,9.374
430,0.000,32.136,7.791
431,0.155,32.136,7.799
432,0.309,32.136,7.822
433,0.460,32.136,7.859
434,0.606,32.136,7.912
435,0.746,32.136,7.978
436,0.879,32.136,8.058
437,1.004,32.136,8.151
438,1.119,32.136,8.255
439,1.224,32.136,8.370
440,1.316,32.136,8.495
441,1.004,32.136,10.598
442,1.119,32.136,10.494
443,1.224,32.136,10.379
444,1.316,32.136,10.254
445,1.396,32.136,8.628
446,1.396,32.136,10.121
447,1.463,32.136,8.768
448,1.463,32.136,9.980
449,1.515,32.136,8.915
450,1.515,32.136,9.834
451,1.553,32.136,9.065
452,1.553,32.136,9.683
453,1.575,32.136,9.219
454,1.575,32.136,9.529
455,1.583,32.136,9.374
456,0.000,32.136,10.957
457,0.155,32.136,10.950
458,0.309,32.136,10.927
459,0.460,32.136,10.889
460,0.606,32.136,10.837
461,0.746,32.136,10.770
462,0.879,32.136,10.691
463,0.000,32.210,7.791
464,0.155,32.210,7.798
465,0.309,32.210,7.821
466,0.460,32.210,7.859
467,0.606,32.210,7.911
468,0.746,32.210,7.978
469,0.880,32.210,8.058
470,1.005,32.210,8.150
471,1.120,32.210,8.255
472,1.224,32.210,8.370
473,1.317,32.210,8.495
474,1.397,32.210,8.628
475,1.463,32.210,8.768
476,1.515,32.210,8.915
477,1.553,32.210,9.065
478,1.576,32.210,9.219
479,1.584,32.210,9.374
480,1.397,32.210,10.121
481,1.463,32.210,9.980
482,1.515,32.210,9.834
483,1.553,32.210,9.683
484,1.576,32.210,9.530
485,1.005,32.210,10.598
486,1.120,32.210,10.494
487,1.224,32.210,10.379
488,1.317,32.210,10.254
489,0.460,32.210,10.890
490,0.606,32.210,10.837
491,0.746,32.210,10.771
492,0.880,32.210,10.691
493,0.000,32.211,10.958
494,0.155,32.211,10.950
495,0.309,32.211,10.927
496,0.000,32.312,7.790
497,0.155,32.312,7.798
498,0.309,32.312,7.820
499,0.460,32.312,7.858
500,0.606,32.312,7.911
501,0.747,32.312,7.977
502,0.880,32.312,8.057
503,1.005,32.312,8.150
504,1.120,32.312,8.254
505,1.225,32.312,8.369
506,1.317,32.312,8.494
507,1.397,32.312,8.627
508,1.464,32.312,8.768
509,1.516,32.312,8.914
510,1.554,32.312,9.065
511,1.577,32.312,9.219
512,1.554,32.312,9.683
513,1.577,32.312,9.530
514,1.584,32.312,9.374
515,1.397,32.312,10.121
516,1.464,32.312,9.981
517,1.516,32.312,9.834
518,1.225,32.312,10.379
519,1.317,32.312,10.254
520,1.005,32.312,10.599
521,1.120,32.312,10.495
522,0.606,32.313,10.838
523,0.747,32.313,10.772
524,0.880,32.313,10.692
525,0.155,32.313,10.951
526,0.309,32.313,10.928
527,0.460,32.313,10.890
528,0.000,32.313,10.959
529,0.000,32.412,7.789
530,0.155,32.412,7.797
531,0.309,32.413,7.820
532,0.460,32.413,7.858
533,0.607,32.413,7.910
534,0.747,32.413,7.976
535,0.881,32.413,8.056
536,1.006,32.413,8.149
537,1.121,32.413,8.254
538,1.225,32.413,8.369
539,1.318,32.413,8.494
540,1.398,32.413,8.627
541,1.464,32.413,8.768
542,1.517,32.413,8.914
543,1.555,32.413,9.065
544,1.577,32.413,9.219
545,1.585,32.413,9.374
546,1.517,32.413,9.834
547,1.555,32.413,9.684
548,1.577,32.413,9.530
549,1.318,32.413,10.255
550,1.398,32.413,10.121
551,1.464,32.413,9.981
552,1.121,32.413,10.495
553,1.225,32.413,10.380
554,0.747,32.413,10.772
555,0.881,32.413,10.692
556,1.006,32.413,10.600
557,0.460,32.413,10.891
558,0.607,32.413,10.839
559,0.000,32.413,10.959
560,0.155,32.413,10.952
561,0.309,32.413,10.929
562,0.000,32.485,7.789
563,0.155,32.485,7.796
564,0.309,32.485,7.819
565,0.460,32.485,7.857
566,0.607,32.485,7.909
567,0.747,32.485,7.976
568,0.881,32.485,8.056
569,1.006,32.485,8.149
570,1.121,32.485,8.253
571,1.226,32.485,8.368
572,1.318,32.485,8.494
573,1.398,32.485,8.627
574,1.465,32.485,8.768
575,1.517,32.485,8.914
576,1.555,32.485,9.065
577,1.517,32.485,9.834
578,1.555,32.485,9.684
579,1.578,32.485,9.219
580,1.578,32.485,9.530
581,1.586,32.485,9.374
582,1.121,32.485,10.495
583,1.226,32.485,10.380
584,1.318,32.485,10.255
585,1.398,32.485,10.122
586,1.465,32.485,9.981
587,0.460,32.485,10.892
588,0.607,32.485,10.839
589,0.747,32.485,10.773
590,0.881,32.485,10.693
591,1.006,32.485,10.600
592,0.000,32.485,10.960
593,0.155,32.485,10.952
594,0.309,32.485,10.929
595,0.000,32.525,7.789
596,0.000,32.525,10.960
597,0.155,32.525,7.796
598,0.155,32.525,10.952
599,0.309,32.525,7.819
600,0.309,32.525,10.930
601,0.460,32.525,7.857
602,0.460,32.525,10.892
603,0.607,32.525,7.909
604,0.607,32.525,10.839
605,0.748,32.525,7.976
606,0.748,32.525,10.773
607,0.881,32.525,8.056
608,0.881,32.525,10.693
609,1.006,32.525,8.149
610,1.006,32.525,10.600
611,1.121,32.525,8.253
612,1.121,32.525,10.496
613,1.226,32.525,8.368
614,1.226,32.525,10.380
615,1.319,32.525,8.493
616,1.319,32.525,10.255
617,1.399,32.525,8.627
618,1.399,32.525,10.122
619,1.465,32.525,8.768
620,1.465,32.525,9.981
621,1.518,32.525,8.914
622,1.518,32.525,9.835
623,1.555,32.525,9.065
624,1.555,32.525,9.684
625,1.578,32.525,9.219
626,1.578,32.525,9.530
627,1.586,32.525,9.374
628,0.000,32.561,7.798
629,0.155,32.561,7.805
630,0.308,32.561,7.828
631,0.458,32.561,7.866
632,0.604,32.561,7.918
633,0.744,32.561,7.984
634,0.877,32.561,8.064
635,1.001,32.561,8.156
636,1.116,32.561,8.260
637,1.220,32.561,8.375
638,1.312,32.561,8.499
639,1.392,32.561,8.632
640,1.458,32.561,8.772
641,1.511,32.561,8.918
642,0.155,32.561,10.947
643,0.308,32.561,10.924
644,0.458,32.561,10.886
645,0.604,32.561,10.834
646,0.744,32.561,10.768
647,0.877,32.561,10.688
648,1.001,32.561,10.596
649,1.116,32.561,10.492
650,1.220,32.561,10.377
651,1.312,32.561,10.253
652,1.392,32.561,10.120
653,1.458,32.561,9.980
654,1.511,32.561,9.834
655,1.548,32.561,9.068
656,1.548,32.561,9.684
657,1.571,32.561,9.221
658,1.571,32.561,9.531
659,1.578,32.561,9.376
660,0.000,32.561,10.954
661,0.000,32.610,7.810
662,0.154,32.610,7.817
663,0.306,32.610,7.840
664,0.455,32.610,7.877
665,0.600,32.610,7.929
666,0.739,32.610,7.995
667,0.871,32.610,8.074
668,0.995,32.610,8.166
669,1.109,32.610,8.269
670,1.212,32.610,8.383
671,1.304,32.610,8.507
672,1.383,32.610,8.639
673,1.449,32.610,8.778
674,1.501,32.610,8.923
675,1.501,32.610,9.834
676,1.538,32.610,9.072
677,1.538,32.610,9.684
678,1.561,32.610,9.225
679,1.561,32.610,9.532
680,1.568,32.610,9.378
681,0.739,32.610,10.762
682,0.871,32.610,10.683
683,0.995,32.610,10.591
684,1.109,32.610,10.487
685,1.212,32.610,10.373
686,1.304,32.610,10.250
687,1.383,32.610,10.118
688,1.449,32.610,9.979
689,0.000,32.610,10.947
690,0.154,32.610,10.939
691,0.306,32.610,10.917
692,0.455,32.610,10.879
693,0.600,32.610,10.827
694,0.000,32.672,7.826
695,0.152,32.672,7.833
696,0.304,32.672,7.856
697,0.452,32.672,7.893
698,0.595,32.672,7.944
699,0.733,32.672,8.009
700,0.864,32.672,8.088
701,0.987,32.672,8.179
702,1.100,32.672,8.281
703,1.203,32.672,8.395
704,1.293,32.673,8.517
705,1.372,32.673,8.648
706,1.437,32.673,8.786
707,1.489,32.673,8.930
708,1.526,32.673,9.078
709,1.526,32.673,9.685
710,1.548,32.673,9.229
711,1.548,32.673,9.534
712,1.556,32.673,9.381
713,1.203,32.673,10.368
714,1.294,32.673,10.246
715,1.372,32.673,10.115
716,1.437,32.673,9.977
717,1.489,32.673,9.833
718,0.595,32.673,10.819
719,0.733,32.673,10.753
720,0.864,32.673,10.675
721,0.987,32.673,10.584
722,1.100,32.673,10.481
723,0.000,32.673,10.937
724,0.152,32.673,10.929
725,0.304,32.673,10.907
726,0.452,32.673,10.870
727,0.000,32.747,7.845
728,0.151,32.747,7.852
729,0.301,32.747,7.874
730,0.447,32.747,7.911
731,0.589,32.747,7.962
732,0.726,32.747,8.027
733,0.856,32.747,8.104
734,0.977,32.747,8.194
735,1.089,32.747,8.296
736,1.191,32.747,8.408
737,1.281,32.748,8.529
738,1.358,32.748,8.659
739,1.423,32.748,8.796
740,1.474,32.748,8.938
741,1.511,32.748,9.084
742,1.533,32.748,9.234
743,1.533,32.748,9.536
744,1.540,32.748,9.385
745,1.423,32.748,9.974
746,1.474,32.748,9.832
747,1.511,32.748,9.685
748,1.191,32.748,10.362
749,1.281,32.748,10.241
750,1.358,32.748,10.111
751,0.726,32.748,10.743
752,0.856,32.748,10.666
753,0.977,32.748,10.576
754,1.089,32.748,10.474
755,0.301,32.748,10.896
756,0.447,32.748,10.859
757,0.589,32.748,10.808
758,0.000,32.748,10.925
759,0.151,32.748,10.918
760,0.000,32.830,7.866
761,0.149,32.830,7.873
762,0.297,32.830,7.895
763,0.442,32.830,7.931
764,0.583,32.830,7.982
765,0.718,32.830,8.045
766,0.846,32.830,8.122
767,0.966,32.830,8.211
768,1.077,32.830,8.312
769,1.178,32.830,8.423
770,1.267,32.830,8.543
771,1.343,32.830,8.671
772,1.407,32.830,8.806
773,1.458,32.830,8.947
774,1.494,32.830,9.092
775,1.516,32.830,9.240
776,1.523,32.830,9.389
777,1.494,32.830,9.686
778,1.516,32.830,9.538
779,1.407,32.830,9.972
780,1.458,32.830,9.831
781,1.267,32.830,10.235
782,1.343,32.830,10.107
783,0.966,32.830,10.566
784,1.077,32.830,10.466
785,1.178,32.830,10.355
786,0.718,32.831,10.732
787,0.846,32.831,10.656
788,0.297,32.831,10.883
789,0.442,32.831,10.847
790,0.583,32.831,10.796
791,0.000,32.831,10.912
792,0.149,32.831,10.905
793,0.000,32.912,7.886
794,0.148,32.912,7.894
795,0.294,32.912,7.915
796,0.437,32.912,7.951
797,0.576,32.912,8.001
798,0.710,32.912,8.064
799,0.837,32.912,8.140
800,0.956,32.912,8.228
801,1.065,32.912,8.328
802,1.165,32.912,8.437
803,1.253,32.912,8.556
804,1.329,32.912,8.683
805,1.392,32.912,8.816
806,1.442,32.912,8.956
807,1.478,32.913,9.099
808,1.499,32.913,9.245
809,1.499,32.913,9.540
810,1.506,32.913,9.393
811,1.478,32.913,9.687
812,1.392,32.913,9.969
813,1.442,32.913,9.830
814,1.253,32.913,10.230
815,1.329,32.913,10.103
816,1.065,32.913,10.458
817,1.165,32.913,10.349
818,0.837,32.913,10.646
819,0.956,32.913,10.557
820,0.710,32.913,10.721
821,0.437,32.913,10.834
822,0.576,32.913,10.785
823,0.148,32.913,10.892
824,0.294,32.913,10.870
825,0.000,32.913,10.899
826,0.000,32.987,7.905
827,0.146,32.987,7.913
828,0.291,32.987,7.934
829,0.433,32.987,7.970
830,0.571,32.987,8.019
831,0.703,32.987,8.081
832,0.828,32.987,8.157
833,0.946,32.987,8.244
834,1.054,32.987,8.342
835,1.153,32.987,8.451
836,1.240,32.987,8.568
837,1.315,32.987,8.694
838,1.378,32.987,8.826
839,1.427,32.988,8.964
840,1.462,32.988,9.106
841,1.484,32.988,9.250
842,1.484,32.988,9.543
843,1.491,32.988,9.396
844,1.462,32.988,9.687
845,1.378,32.988,9.967
846,1.427,32.988,9.829
847,1.315,32.988,10.099
848,1.240,32.988,10.225
849,1.054,32.988,10.451
850,1.153,32.988,10.342
851,0.946,32.988,10.549
852,0.703,32.988,10.712
853,0.828,32.988,10.636
854,0.433,32.988,10.823
855,0.571,32.988,10.774
856,0.291,32.988,10.859
857,0.000,32.989,10.888
858,0.146,32.989,10.880
859,0.000,33.049,7.921
860,0.145,33.049,7.928
861,0.288,33.050,7.950
862,0.429,33.050,7.985
863,0.566,33.050,8.034
864,0.697,33.050,8.096
865,0.821,33.050,8.170
866,0.938,33.050,8.257
867,1.045,33.050,8.354
868,1.143,33.050,8.462
869,1.229,33.050,8.578
870,1.304,33.050,8.703
871,1.366,33.050,8.834
872,1.415,33.050,8.970
873,1.450,33.050,9.111
874,1.471,33.050,9.255
875,1.471,33.050,9.544
876,1.478,33.050,9.399
877,1.450,33.051,9.688
878,1.415,33.051,9.829
879,1.366,33.051,9.965
880,1.229,33.051,10.221
881,1.304,33.051,10.096
882,1.143,33.051,10.337
883,1.045,33.051,10.445
884,0.821,33.051,10.629
885,0.938,33.051,10.542
886,0.697,33.051,10.703
887,0.566,33.051,10.765
888,0.288,33.051,10.849
889,0.429,33.051,10.814
890,0.145,33.051,10.871
891,0.000,33.051,10.878
892,0.000,33.098,7.934
893,0.144,33.098,7.941
894,0.287,33.098,7.962
895,0.426,33.098,7.997
896,0.562,33.098,8.045
897,0.692,33.098,8.107
898,0.816,33.098,8.181
899,0.931,33.099,8.267
900,1.038,33.099,8.364
901,1.135,33.099,8.470
902,1.221,33.099,8.586
903,1.295,33.099,8.710
904,1.357,33.099,8.840
905,1.405,33.099,8.976
906,1.440,33.099,9.115
907,1.461,33.099,9.258
908,1.468,33.099,9.402
909,1.461,33.099,9.546
910,1.440,33.099,9.688
911,1.357,33.099,9.964
912,1.405,33.099,9.828
913,1.295,33.100,10.094
914,1.221,33.100,10.218
915,1.135,33.100,10.333
916,1.038,33.100,10.440
917,0.816,33.100,10.623
918,0.931,33.100,10.537
919,0.692,33.100,10.697
920,0.562,33.100,10.758
921,0.426,33.100,10.807
922,0.144,33.100,10.863
923,0.286,33.100,10.842
924,0.000,33.100,10.870
925,0.000,33.134,7.943
926,0.143,33.134,7.950
927,0.285,33.134,7.971
928,0.424,33.134,8.006
929,0.559,33.134,8.054
930,0.689,33.134,8.115
931,0.812,33.134,8.189
932,0.927,33.134,8.274
933,1.033,33.134,8.371
934,1.129,33.135,8.477
935,1.215,33.135,8.592
936,1.288,33.135,8.715
937,1.350,33.135,8.845
938,1.398,33.135,8.979
939,1.433,33.135,9.119
940,1.454,33.135,9.260
941,1.461,33.135,9.404
942,1.454,33.135,9.547
943,1.433,33.135,9.689
944,1.398,33.135,9.828
945,1.350,33.135,9.963
946,1.288,33.135,10.092
947,1.129,33.136,10.330
948,1.215,33.136,10.215
949,1.033,33.136,10.437
950,0.927,33.136,10.533
951,0.812,33.136,10.618
952,0.689,33.136,10.692
953,0.559,33.136,10.753
954,0.285,33.136,10.836
955,0.424,33.136,10.802
956,0.143,33.136,10.857
957,0.000,33.136,10.864
958,0.000,33.169,7.951
959,0.143,33.169,7.958
960,0.284,33.169,7.979
961,0.422,33.169,8.014
962,0.556,33.169,8.062
963,0.685,33.169,8.123
964,0.808,33.169,8.196
965,0.922,33.169,8.281
966,1.028,33.169,8.377
967,1.124,33.169,8.483
968,1.209,33.169,8.598
969,1.282,33.170,8.720
970,1.343,33.170,8.849
971,1.391,33.170,8.983
972,1.426,33.170,9.122
973,1.447,33.170,9.263
974,1.454,33.170,9.405
975,1.447,33.170,9.548
976,1.426,33.170,9.689
977,1.391,33.170,9.827
978,1.343,33.170,9.962
979,1.282,33.170,10.091
980,1.209,33.170,10.213
981,1.124,33.170,10.328
982,0.922,33.171,10.529
983,1.028,33.171,10.433
984,0.808,33.171,10.614
985,0.685,33.171,10.687
986,0.556,33.171,10.748
987,0.422,33.171,10.796
988,0.142,33.171,10.852
989,0.284,33.171,10.831
990,0.000,33.171,10.859
991,0.000,33.212,7.962
992,0.142,33.212,7.969
993,0.282,33.212,7.990
994,0.419,33.212,8.025
995,0.553,33.212,8.072
996,0.681,33.212,8.133
997,0.803,33.212,8.206
998,0.917,33.212,8.290
999,1.022,33.212,8.386
1000,1.117,33.213,8.491
1001,1.201,33.213,8.605
1002,1.274,33.213,8.726
1003,1.335,33.213,8.854
1004,1.383,33.213,8.988
1005,1.417,33.213,9.125
1006,1.438,33.213,9.266
1007,1.445,33.213,9.407
1008,1.438,33.213,9.549
1009,1.417,33.213,9.689
1010,1.383,33.213,9.827
1011,1.335,33.213,9.960
1012,1.201,33.213,10.210
1013,1.274,33.213,10.088
1014,1.117,33.214,10.324
1015,1.022,33.214,10.429
1016,0.917,33.214,10.524
1017,0.681,33.214,10.682
1018,0.803,33.214,10.609
1019,0.553,33.214,10.742
1020,0.419,33.214,10.790
1021,0.282,33.214,10.825
1022,0.000,33.214,10.852
1023,0.142,33.214,10.845
1024,0.000,33.265,7.976
1025,0.141,33.265,7.983
1026,0.280,33.265,8.003
1027,0.416,33.265,8.037
1028,0.549,33.265,8.085
1029,0.676,33.265,8.145
1030,0.797,33.265,8.217
1031,0.910,33.265,8.301
1032,1.014,33.265,8.396
1033,1.109,33.265,8.500
1034,1.193,33.265,8.613
1035,1.265,33.265,8.734
1036,1.325,33.265,8.861
1037,1.372,33.265,8.994
1038,1.407,33.265,9.130
1039,1.427,33.266,9.269
1040,1.434,33.266,9.410
1041,1.427,33.266,9.550
1042,1.372,33.266,9.826
1043,1.407,33.266,9.690
1044,1.325,33.266,9.959
1045,1.265,33.266,10.086
1046,1.193,33.266,10.207
1047,1.109,33.266,10.320
1048,0.910,33.266,10.519
1049,1.014,33.266,10.424
1050,0.797,33.266,10.602
1051,0.676,33.266,10.675
1052,0.416,33.266,10.782
1053,0.549,33.266,10.735
1054,0.280,33.267,10.817
1055,0.141,33.267,10.837
1056,0.000,33.267,10.844
1057,0.000,33.328,7.992
1058,0.139,33.328,7.998
1059,0.277,33.328,8.019
1060,0.413,33.328,8.053
1061,0.544,33.328,8.100
1062,0.670,33.328,8.159
1063,0.790,33.328,8.231
1064,0.902,33.328,8.314
1065,1.005,33.328,8.408
1066,1.099,33.328,8.511
1067,1.182,33.328,8.623
1068,1.253,33.328,8.743
1069,1.313,33.328,8.869
1070,1.360,33.328,9.000
1071,1.394,33.328,9.136
1072,1.414,33.328,9.274
1073,1.414,33.329,9.552
1074,1.421,33.329,9.413
1075,1.394,33.329,9.690
1076,1.360,33.329,9.825
1077,1.313,33.329,9.957
1078,1.182,33.329,10.203
1079,1.254,33.329,10.083
1080,1.099,33.329,10.315
1081,1.005,33.329,10.418
1082,0.790,33.329,10.595
1083,0.902,33.329,10.512
1084,0.670,33.329,10.666
1085,0.413,33.329,10.773
1086,0.544,33.329,10.726
1087,0.277,33.329,10.807
1088,0.139,33.329,10.827
1089,0.000,33.330,10.834
1090,0.000,33.401,8.010
1091,0.138,33.401,8.017
1092,0.274,33.401,8.037
1093,0.408,33.401,8.071
1094,0.538,33.401,8.117
1095,0.663,33.401,8.176
1096,0.781,33.402,8.247
1097,0.892,33.402,8.329
1098,0.994,33.402,8.422
1099,1.087,33.402,8.524
1100,1.169,33.402,8.635
1101,1.240,33.402,8.754
1102,1.299,33.402,8.878
1103,1.346,33.402,9.008
1104,1.379,33.402,9.142
1105,1.399,33.402,9.279
1106,1.406,33.402,9.416
1107,1.379,33.402,9.691
1108,1.399,33.402,9.554
1109,1.346,33.402,9.825
1110,1.299,33.402,9.955
1111,1.169,33.402,10.198
1112,1.240,33.402,10.079
1113,1.087,33.403,10.309
1114,0.892,33.403,10.504
1115,0.994,33.403,10.411
1116,0.781,33.403,10.586
1117,0.538,33.403,10.716
1118,0.663,33.403,10.657
1119,0.408,33.403,10.762
1120,0.138,33.403,10.816
1121,0.274,33.403,10.796
1122,0.000,33.403,10.823
1123,0.000,33.485,8.031
1124,0.136,33.485,8.038
1125,0.271,33.485,8.058
1126,0.403,33.485,8.091
1127,0.532,33.485,8.137
1128,0.655,33.485,8.196
1129,0.772,33.486,8.266
1130,0.881,33.486,8.347
1131,0.982,33.486,8.438
1132,1.074,33.486,8.539
1133,1.155,33.486,8.649
1134,1.225,33.486,8.766
1135,1.283,33.486,8.889
1136,1.329,33.486,9.017
1137,1.362,33.486,9.150
1138,1.382,33.486,9.284
1139,1.382,33.486,9.557
1140,1.389,33.486,9.421
1141,1.362,33.486,9.692
1142,1.283,33.486,9.952
1143,1.329,33.486,9.824
1144,1.225,33.486,10.075
1145,1.074,33.486,10.302
1146,1.155,33.486,10.192
1147,0.982,33.487,10.403
1148,0.772,33.487,10.576
1149,0.881,33.487,10.494
1150,0.532,33.487,10.704
1151,0.655,33.487,10.646
1152,0.403,33.487,10.750
1153,0.136,33.487,10.803
1154,0.271,33.487,10.783
1155,0.000,33.487,10.810
1156,0.000,33.578,8.055
1157,0.134,33.578,8.062
1158,0.267,33.578,8.081
1159,0.398,33.579,8.114
1160,0.524,33.579,8.159
1161,0.646,33.579,8.217
1162,0.761,33.579,8.286
1163,0.869,33.579,8.366
1164,0.969,33.579,8.456
1165,1.059,33.579,8.556
1166,1.139,33.579,8.664
1167,1.208,33.579,8.779
1168,1.266,33.579,8.901
1169,1.311,33.579,9.027
1170,1.344,33.579,9.158
1171,1.363,33.579,9.291
1172,1.370,33.579,9.425
1173,1.344,33.579,9.692
1174,1.363,33.579,9.559
1175,1.311,33.579,9.823
1176,1.208,33.579,10.071
1177,1.266,33.579,9.949
1178,1.059,33.579,10.294
1179,1.139,33.579,10.186
1180,0.869,33.580,10.484
1181,0.969,33.580,10.394
1182,0.761,33.580,10.564
1183,0.524,33.580,10.691
1184,0.646,33.580,10.633
1185,0.267,33.580,10.769
1186,0.398,33.580,10.736
1187,0.000,33.580,10.795
1188,0.134,33.580,10.788
1189,0.000,33.678,8.080
1190,0.132,33.678,8.087
1191,0.263,33.678,8.106
1192,0.392,33.678,8.138
1193,0.516,33.678,8.183
1194,0.636,33.678,8.240
1195,0.750,33.679,8.308
1196,0.856,33.679,8.387
1197,0.954,33.679,8.476
1198,1.043,33.679,8.574
1199,1.122,33.679,8.680
1200,1.190,33.679,8.794
1201,1.247,33.679,8.913
1202,1.291,33.679,9.038
1203,1.324,33.679,9.167
1204,1.343,33.679,9.298
1205,1.350,33.679,9.430
1206,1.324,33.679,9.693
1207,1.343,33.679,9.562
1208,1.247,33.679,9.946
1209,1.291,33.679,9.822
1210,1.122,33.679,10.180
1211,1.190,33.679,10.066
1212,0.954,33.679,10.384
1213,1.043,33.679,10.286
1214,0.750,33.679,10.552
1215,0.856,33.679,10.473
1216,0.516,33.679,10.677
1217,0.636,33.679,10.620
1218,0.263,33.680,10.754
1219,0.392,33.680,10.721
1220,0.000,33.680,10.779
1221,0.132,33.680,10.773
1222,0.000,33.782,8.107
1223,0.130,33.782,8.113
1224,0.259,33.782,8.132
1225,0.386,33.782,8.164
1226,0.508,33.782,8.208
1227,0.626,33.782,8.263
1228,0.738,33.782,8.330
1229,0.843,33.782,8.408
1230,0.939,33.782,8.496
1231,1.027,33.782,8.592
1232,1.105,33.782,8.697
1233,1.172,33.782,8.809
1234,1.227,33.782,8.927
1235,1.271,33.782,9.049
1236,1.303,33.782,9.176
1237,1.322,33.782,9.305
1238,1.322,33.782,9.565
1239,1.328,33.782,9.435
1240,1.271,33.783,9.820
1241,1.303,33.783,9.694
1242,1.105,33.783,10.173
1243,1.172,33.783,10.061
1244,1.227,33.783,9.943
1245,0.939,33.783,10.374
1246,1.027,33.783,10.278
1247,0.738,33.783,10.539
1248,0.843,33.783,10.462
1249,0.508,33.783,10.662
1250,0.626,33.783,10.606
1251,0.130,33.783,10.757
1252,0.259,33.783,10.738
1253,0.386,33.783,10.706
1254,0.000,33.783,10.763
1255,0.000,33.885,8.133
1256,0.128,33.885,8.139
1257,0.255,33.885,8.158
1258,0.379,33.885,8.189
1259,0.500,33.886,8.232
1260,0.616,33.886,8.287
1261,0.726,33.886,8.353
1262,0.829,33.886,8.430
1263,0.924,33.886,8.516
1264,1.010,33.886,8.611
1265,1.087,33.886,8.714
1266,1.153,33.886,8.824
1267,1.208,33.886,8.940
1268,1.251,33.886,9.061
1269,1.282,33.886,9.185
1270,1.301,33.886,9.312
1271,1.307,33.886,9.440
1272,1.282,33.886,9.695
1273,1.301,33.886,9.568
1274,1.153,33.886,10.056
1275,1.208,33.886,9.940
1276,1.251,33.886,9.819
1277,0.924,33.886,10.364
1278,1.010,33.886,10.269
1279,1.087,33.886,10.166
1280,0.726,33.886,10.527
1281,0.829,33.886,10.450
1282,0.379,33.886,10.691
1283,0.500,33.886,10.648
1284,0.616,33.886,10.593
1285,0.000,33.886,10.747
1286,0.128,33.886,10.741
1287,0.255,33.886,10.722
1288,0.000,33.985,8.158
1289,0.126,33.985,8.164
1290,0.251,33.985,8.183
1291,0.374,33.985,8.213
1292,0.492,33.985,8.256
1293,0.607,33.985,8.310
1294,0.715,33.985,8.375
1295,0.816,33.985,8.450
1296,0.910,33.986,8.535
1297,0.995,33.986,8.629
1298,1.070,33.986,8.730
1299,1.135,33.986,8.838
1300,1.189,33.986,8.952
1301,1.231,33.986,9.071
1302,1.262,33.986,9.194
1303,1.281,33.986,9.319
1304,1.287,33.986,9.445
1305,1.189,33.986,9.937
1306,1.231,33.986,9.818
1307,1.262,33.986,9.696
1308,1.281,33.986,9.571
1309,0.995,33.986,10.261
1310,1.070,33.986,10.160
1311,1.135,33.986,10.051
1312,0.715,33.986,10.515
1313,0.816,33.986,10.439
1314,0.910,33.986,10.355
1315,0.374,33.986,10.676
1316,0.492,33.986,10.634
1317,0.607,33.986,10.580
1318,0.000,33.986,10.731
1319,0.126,33.986,10.725
1320,0.251,33.986,10.707
1321,0.000,34.078,8.182
1322,0.124,34.078,8.188
1323,0.247,34.079,8.206
1324,0.368,34.079,8.236
1325,0.485,34.079,8.278
1326,0.598,34.079,8.331
1327,0.704,34.079,8.395
1328,0.804,34.079,8.469
1329,0.896,34.079,8.553
1330,0.980,34.079,8.645
1331,1.054,34.079,8.745
1332,1.118,34.079,8.852
1333,1.171,34.079,8.964
1334,1.213,34.079,9.081
1335,1.243,34.079,9.202
1336,1.243,34.079,9.697
1337,1.262,34.079,9.325
1338,1.262,34.079,9.574
1339,1.268,34.079,9.449
1340,1.054,34.079,10.154
1341,1.118,34.079,10.047
1342,1.171,34.079,9.934
1343,1.213,34.079,9.817
1344,0.704,34.079,10.503
1345,0.804,34.079,10.429
1346,0.896,34.079,10.346
1347,0.980,34.079,10.253
1348,0.124,34.079,10.711
1349,0.247,34.079,10.693
1350,0.368,34.079,10.662
1351,0.485,34.079,10.620
1352,0.598,34.079,10.567
1353,0.000,34.079,10.717
1354,0.000,34.163,8.203
1355,0.123,34.163,8.209
1356,0.244,34.163,8.227
1357,0.363,34.163,8.257
1358,0.479,34.163,8.298
1359,0.589,34.163,8.351
1360,0.695,34.163,8.414
1361,0.793,34.163,8.487
1362,0.884,34.163,8.569
1363,0.967,34.163,8.660
1364,1.040,34.163,8.759
1365,1.103,34.163,8.864
1366,1.155,34.163,8.975
1367,1.197,34.163,9.090
1368,1.226,34.163,9.209
1369,1.244,34.163,9.331
1370,1.103,34.163,10.043
1371,1.155,34.163,9.932
1372,1.197,34.163,9.816
1373,1.226,34.163,9.697
1374,1.244,34.163,9.576
1375,1.250,34.163,9.453
1376,0.695,34.163,10.493
1377,0.793,34.163,10.420
1378,0.884,34.163,10.338
1379,0.967,34.163,10.247
1380,1.040,34.163,10.148
1381,0.123,34.163,10.698
1382,0.244,34.163,10.680
1383,0.363,34.163,10.650
1384,0.479,34.163,10.609
1385,0.589,34.163,10.556
1386,0.000,34.163,10.704
1387,0.000,34.236,8.222
1388,0.121,34.236,8.227
1389,0.241,34.236,8.245
1390,0.359,34.236,8.275
1391,0.473,34.236,8.316
1392,0.582,34.236,8.367
1393,0.686,34.236,8.430
1394,0.784,34.236,8.502
1395,0.874,34.236,8.583
1396,0.955,34.236,8.673
1397,1.027,34.236,8.771
1398,1.090,34.236,8.875
1399,1.141,34.236,8.984
1400,1.182,34.236,9.098
1401,1.212,34.236,9.216
1402,1.090,34.236,10.039
1403,1.141,34.236,9.930
1404,1.182,34.236,9.816
1405,1.212,34.236,9.698
1406,1.229,34.236,9.336
1407,1.229,34.236,9.578
1408,1.235,34.236,9.457
1409,0.473,34.236,10.598
1410,0.582,34.236,10.546
1411,0.686,34.236,10.484
1412,0.784,34.236,10.412
1413,0.874,34.236,10.330
1414,0.955,34.236,10.241
1415,1.027,34.236,10.143
1416,0.000,34.237,10.692
1417,0.121,34.237,10.686
1418,0.241,34.237,10.669
1419,0.359,34.237,10.639
1420,0.000,34.299,8.237
1421,0.120,34.299,8.243
1422,0.239,34.299,8.261
1423,0.355,34.299,8.290
1424,0.468,34.299,8.331
1425,0.576,34.299,8.382
1426,0.679,34.299,8.444
1427,0.776,34.299,8.515
1428,0.864,34.299,8.596
1429,0.945,34.299,8.684
1430,1.017,34.299,8.781
1431,1.078,34.299,8.884
1432,1.129,34.299,8.992
1433,1.170,34.299,9.105
1434,1.199,34.299,9.221
1435,1.217,34.299,9.340
1436,1.223,34.299,9.460
1437,0.468,34.299,10.589
1438,0.576,34.299,10.538
1439,0.679,34.299,10.476
1440,0.776,34.299,10.405
1441,0.864,34.299,10.324
1442,0.945,34.299,10.236
1443,1.017,34.299,10.139
1444,1.078,34.299,10.036
1445,1.129,34.299,9.928
1446,1.170,34.299,9.815
1447,1.199,34.299,9.698
1448,1.217,34.299,9.580
1449,0.000,34.299,10.682
1450,0.120,34.299,10.677
1451,0.239,34.299,10.659
1452,0.355,34.299,10.630
1453,0.000,34.352,8.251
1454,0.119,34.352,8.257
1455,0.236,34.352,8.274
1456,0.352,34.352,8.303
1457,0.464,34.352,8.343
1458,0.571,34.352,8.394
1459,0.673,34.352,8.455
1460,0.769,34.352,8.526
1461,0.857,34.352,8.606
1462,0.937,34.352,8.694
1463,1.008,34.352,8.789
1464,1.069,34.352,8.891
1465,1.120,34.352,8.999
1466,1.120,34.352,9.926
1467,1.160,34.352,9.111
1468,1.160,34.352,9.814
1469,1.188,34.352,9.226
1470,1.188,34.352,9.699
1471,1.206,34.352,9.344
1472,1.206,34.352,9.581
1473,1.212,34.352,9.463
1474,0.000,34.352,10.674
1475,0.119,34.352,10.668
1476,0.236,34.352,10.651
1477,0.352,34.352,10.622
1478,0.464,34.352,10.582
1479,0.571,34.352,10.531
1480,0.673,34.352,10.470
1481,0.769,34.352,10.399
1482,0.857,34.352,10.319
1483,0.937,34.352,10.231
1484,1.008,34.352,10.136
1485,1.069,34.352,10.034
1486,0.000,34.395,8.262
1487,0.000,34.395,10.667
1488,0.118,34.395,8.268
1489,0.118,34.395,10.662
1490,0.235,34.395,8.285
1491,0.235,34.395,10.644
1492,0.349,34.395,8.314
1493,0.349,34.395,10.616
1494,0.460,34.395,8.353
1495,0.460,34.395,10.576
1496,0.567,34.395,8.404
1497,0.567,34.395,10.525
1498,0.668,34.395,8.464
1499,0.668,34.395,10.465
1500,0.763,34.395,8.535
1501,0.763,34.395,10.394
1502,0.851,34.395,8.614
1503,0.851,34.395,10.315
1504,0.930,34.395,8.702
1505,0.930,34.395,10.228
1506,1.000,34.395,8.796
1507,1.000,34.395,10.133
1508,1.061,34.395,8.898
1509,1.061,34.395,10.032
1510,1.111,34.395,9.004
1511,1.111,34.395,9.925
1512,1.151,34.395,9.115
1513,1.151,34.395,9.814
1514,1.180,34.395,9.230
1515,1.180,34.395,9.699
1516,1.197,34.395,9.347
1517,1.197,34.395,9.583
1518,1.203,34.395,9.465
1519,0.000,34.430,8.271
1520,0.000,34.430,8.271
1521,0.000,34.430,10.662
1522,0.000,34.430,10.662
1523,0.117,34.430,8.276
1524,0.117,34.430,8.276
1525,0.117,34.430,10.656
1526,0.117,34.430,10.656
1527,0.233,34.430,8.294
1528,0.233,34.430,8.294
1529,0.233,34.430,10.639
1530,0.233,34.430,10.639
1531,0.347,34.430,8.322
1532,0.347,34.430,8.322
1533,0.347,34.430,10.611
1534,0.347,34.430,10.611
1535,0.458,34.430,8.362
1536,0.458,34.430,8.362
1537,0.458,34.430,10.571
1538,0.458,34.430,10.571
1539,0.564,34.430,8.412
1540,0.564,34.430,8.412
1541,0.564,34.430,10.521
1542,0.564,34.430,10.521
1543,0.664,34.430,8.472
1544,0.664,34.430,8.472
1545,0.664,34.430,10.461
1546,0.664,34.430,10.461
1547,0.759,34.430,8.542
1548,0.759,34.430,8.542
1549,0.759,34.430,10.391
1550,0.759,34.430,10.391
1551,0.846,34.430,8.621
1552,0.846,34.430,8.621
1553,0.846,34.430,10.312
1554,0.846,34.430,10.312
1555,0.924,34.430,8.708
1556,0.924,34.430,8.708
1557,0.924,34.430,10.225
1558,0.924,34.430,10.225
1559,0.994,34.430,8.802
1560,0.994,34.430,8.802
1561,0.994,34.430,10.131
1562,0.994,34.430,10.131
1563,1.055,34.430,8.903
1564,1.055,34.430,8.903
1565,1.055,34.430,10.030
1566,1.055,34.430,10.030
1567,1.105,34.430,9.009
1568,1.105,34.430,9.009
1569,1.105,34.430,9.924
1570,1.105,34.430,9.924
1571,1.144,34.430,9.119
1572,1.144,34.430,9.119
1573,1.144,34.430,9.813
1574,1.144,34.430,9.813
1575,1.173,34.430,9.233
1576,1.173,34.430,9.233
1577,1.173,34.430,9.700
1578,1.173,34.430,9.700
1579,1.190,34.430,9.349
1580,1.190,34.430,9.349
1581,1.190,34.430,9.584
1582,1.190,34.430,9.584
1583,1.196,34.430,9.466
1584,1.196,34.430,9.466
1585,1.196,34.430,9.466
1586,0.934,34.465,8.708
1587,0.934,34.465,10.225
1588,1.005,34.465,8.802
1589,1.005,34.465,10.131
1590,0.855,34.465,8.621
1591,0.855,34.465,10.312
1592,1.066,34.465,8.902
1593,1.066,34.465,10.030
1594,0.767,34.465,8.542
1595,0.767,34.465,10.391
1596,1.116,34.465,9.008
1597,1.116,34.465,9.925
1598,0.671,34.465,8.472
1599,0.671,34.465,10.460
1600,1.156,34.466,9.118
1601,1.156,34.466,9.814
1602,0.569,34.466,8.413
1603,0.569,34.466,10.520
1604,1.185,34.466,9.232
1605,1.185,34.466,9.700
1606,1.203,34.466,9.349
1607,1.203,34.466,9.584
1608,0.000,34.466,8.278
1609,0.000,34.466,10.655
1610,0.462,34.466,8.363
1611,0.462,34.466,10.569
1612,1.208,34.466,9.466
1613,1.208,34.466,9.466
1614,0.350,34.466,8.325
1615,0.350,34.466,10.608
1616,0.118,34.466,8.282
1617,0.118,34.466,10.650
1618,0.235,34.466,8.298
1619,0.235,34.466,10.635
1620,0.949,34.517,8.707
1621,0.949,34.517,10.225
1622,1.020,34.517,8.801
1623,1.020,34.517,10.131
1624,0.868,34.517,8.620
1625,0.868,34.517,10.312
1626,1.082,34.517,8.901
1627,1.082,34.517,10.031
1628,0.778,34.517,8.542
1629,0.778,34.517,10.391
1630,1.133,34.518,9.007
1631,1.133,34.518,9.926
1632,0.681,34.518,8.473
1633,0.681,34.518,10.460
1634,1.174,34.518,9.117
1635,1.174,34.518,9.816
1636,0.577,34.519,8.414
1637,0.577,34.519,10.519
1638,1.203,34.519,9.231
1639,1.203,34.519,9.702
1640,1.221,34.519,9.348
1641,1.221,34.519,9.585
1642,0.000,34.519,8.289
1643,0.000,34.519,10.644
1644,1.227,34.519,9.466
1645,1.227,34.519,9.466
1646,0.468,34.519,8.366
1647,0.468,34.519,10.567
1648,0.119,34.520,8.291
1649,0.119,34.520,10.641
1650,0.354,34.520,8.329
1651,0.354,34.520,10.604
1652,0.237,34.520,8.304
1653,0.237,34.520,10.628
1654,0.970,34.592,8.707
1655,0.970,34.592,10.226
1656,1.043,34.592,8.801
1657,1.043,34.592,10.132
1658,0.887,34.592,8.620
1659,0.887,34.592,10.312
1660,1.105,34.592,8.900
1661,1.105,34.592,10.032
1662,0.795,34.593,8.542
1663,0.795,34.593,10.391
1664,1.157,34.594,9.005
1665,1.157,34.594,9.928
1666,0.695,34.594,8.474
1667,0.695,34.594,10.459
1668,1.199,34.595,9.114
1669,1.199,34.595,9.818
1670,1.229,34.596,9.229
1671,1.229,34.596,9.704
1672,0.588,34.596,8.416
1673,0.588,34.596,10.517
1674,1.248,34.596,9.347
1675,1.248,34.596,9.586
1676,0.000,34.597,8.305
1677,0.000,34.597,10.627
1678,1.254,34.597,9.466
1679,1.254,34.597,9.466
1680,0.475,34.597,8.370
1681,0.475,34.597,10.563
1682,0.120,34.598,8.306
1683,0.120,34.598,10.627
1684,0.359,34.598,8.336
1685,0.359,34.598,10.597
1686,0.240,34.598,8.315
1687,0.240,34.598,10.618
1688,0.999,34.699,8.706
1689,0.999,34.699,10.227
1690,1.075,34.700,8.799
1691,1.075,34.700,10.133
1692,0.913,34.700,8.619
1693,0.913,34.700,10.313
1694,1.139,34.700,8.899
1695,1.139,34.700,10.034
1696,0.818,34.702,8.542
1697,0.818,34.702,10.391
1698,1.192,34.702,9.002
1699,1.192,34.702,9.931
1700,1.235,34.704,9.111
1701,1.235,34.704,9.821
1702,0.714,34.704,8.475
1703,0.714,34.704,10.458
1704,1.267,34.706,9.226
1705,1.267,34.706,9.706
1706,0.602,34.707,8.420
1707,0.602,34.707,10.513
1708,1.286,34.707,9.345
1709,1.286,34.707,9.587
1710,0.000,34.707,8.328
1711,0.000,34.707,10.605
1712,1.293,34.707,9.466
1713,1.293,34.707,9.466
1714,0.121,34.708,8.328
1715,0.121,34.708,10.604
1716,0.485,34.709,8.377
1717,0.485,34.709,10.555
1718,0.243,34.710,8.332
1719,0.243,34.710,10.601
1720,0.365,34.710,8.348
1721,0.365,34.710,10.585
1722,1.118,34.850,8.797
1723,1.118,34.850,10.135
1724,1.039,34.850,8.704
1725,1.039,34.850,10.229
1726,1.185,34.851,8.896
1727,1.185,34.851,10.037
1728,0.949,34.852,8.618
1729,0.949,34.852,10.314
1730,1.240,34.854,8.998
1731,1.240,34.854,9.935
1732,0.847,34.855,8.542
1733,0.847,34.855,10.391
1734,1.285,34.857,9.107
1735,1.285,34.857,9.826
1736,0.737,34.859,8.478
1737,0.737,34.859,10.455
1738,1.319,34.859,9.222
1739,1.319,34.859,9.710
1740,1.340,34.861,9.343
1741,1.340,34.861,9.590
1742,0.000,34.862,8.360
1743,0.000,34.862,10.573
1744,1.347,34.862,9.466
1745,1.347,34.862,9.466
1746,0.124,34.863,8.360
1747,0.124,34.863,10.572
1748,0.619,34.863,8.427
1749,0.619,34.863,10.506
1750,0.246,34.866,8.361
1751,0.246,34.866,10.572
1752,0.496,34.866,8.390
1753,0.496,34.866,10.542
1754,0.371,34.867,8.368
1755,0.371,34.867,10.564
1756,1.175,35.053,8.794
1757,1.175,35.053,10.139
1758,1.090,35.054,8.701
1759,1.090,35.054,10.232
1760,1.246,35.055,8.892
1761,1.246,35.055,10.041
1762,0.993,35.058,8.616
1763,0.993,35.058,10.316
1764,1.304,35.059,8.992
1765,1.304,35.059,9.940
1766,1.352,35.063,9.101
1767,1.352,35.063,9.832
1768,0.882,35.063,8.543
1769,0.882,35.063,10.390
1770,1.389,35.066,9.217
1771,1.389,35.066,9.715
1772,1.412,35.069,9.340
1773,1.412,35.069,9.592
1774,0.762,35.069,8.484
1775,0.762,35.069,10.449
1776,0.000,35.070,8.403
1777,0.000,35.070,10.530
1778,1.420,35.070,9.466
1779,1.420,35.070,9.466
1780,0.127,35.071,8.403
1781,0.127,35.071,10.529
1782,0.252,35.073,8.404
1783,0.252,35.073,10.529
1784,0.635,35.075,8.441
1785,0.635,35.075,10.492
1786,0.376,35.078,8.405
1787,0.376,35.078,10.528
1788,0.505,35.078,8.415
1789,0.505,35.078,10.518
1790,1.245,35.317,8.788
1791,1.245,35.317,10.144
1792,1.323,35.318,8.885
1793,1.323,35.318,10.047
1794,1.151,35.319,8.696
1795,1.151,35.319,10.236
1796,1.386,35.322,8.985
1797,1.386,35.322,9.948
1798,1.042,35.326,8.614
1799,1.042,35.326,10.318
1800,1.438,35.328,9.092
1801,1.438,35.328,9.840
1802,1.479,35.333,9.211
1803,1.479,35.333,9.722
1804,0.918,35.334,8.547
1805,0.918,35.334,10.386
1806,1.504,35.336,9.336
1807,1.504,35.336,9.596
1808,0.000,35.337,8.458
1809,0.000,35.337,10.474
1810,1.513,35.337,9.466
1811,1.513,35.337,9.466
1812,0.130,35.338,8.459
1813,0.130,35.338,10.474
1814,0.260,35.341,8.459
1815,0.260,35.341,10.474
1816,0.785,35.343,8.498
1817,0.785,35.343,10.434
1818,0.388,35.345,8.460
1819,0.388,35.345,10.473
1820,0.648,35.350,8.470
1821,0.648,35.350,10.462
1822,0.513,35.351,8.461
1823,0.513,35.351,10.471
1824,1.412,35.638,8.876
1825,1.412,35.638,10.056
1826,1.323,35.639,8.780
1827,1.323,35.639,10.153
1828,1.482,35.643,8.974
1829,1.482,35.643,9.958
1830,1.215,35.645,8.690
1831,1.215,35.645,10.242
1832,1.540,35.650,9.082
1833,1.540,35.650,9.850
1834,1.587,35.656,9.202
1835,1.587,35.656,9.730
1836,1.087,35.656,8.615
1837,1.087,35.656,10.317
1838,1.616,35.660,9.332
1839,1.616,35.660,9.601
1840,0.000,35.661,8.526
1841,0.000,35.661,10.407
1842,1.626,35.661,9.466
1843,1.626,35.661,9.466
1844,0.135,35.662,8.526
1845,0.135,35.662,10.407
1846,0.269,35.664,8.526
1847,0.269,35.664,10.406
1848,0.402,35.668,8.527
1849,0.402,35.668,10.406
1850,0.945,35.670,8.562
1851,0.945,35.670,10.370
1852,0.533,35.673,8.528
1853,0.533,35.673,10.405
1854,0.799,35.679,8.535
1855,0.799,35.679,10.398
1856,0.661,35.680,8.529
1857,0.661,35.680,10.403
1858,1.505,36.003,8.865
1859,1.505,36.003,10.068
1860,1.586,36.007,8.962
1861,1.586,36.007,9.971
1862,1.399,36.008,8.770
1863,1.399,36.008,10.162
1864,1.654,36.014,9.070
1865,1.654,36.014,9.862
1866,1.708,36.021,9.193
1867,1.708,36.021,9.740
1868,1.267,36.021,8.688
1869,1.267,36.021,10.244
1870,1.742,36.026,9.327
1871,1.742,36.026,9.606
1872,0.000,36.028,8.601
1873,0.000,36.028,10.331
1874,1.754,36.028,9.466
1875,1.754,36.028,9.466
1876,0.140,36.028,8.601
1877,0.140,36.028,10.331
1878,0.280,36.030,8.602
1879,0.280,36.030,10.331
1880,0.419,36.033,8.602
1881,0.419,36.033,10.330
1882,0.555,36.038,8.603
1883,0.555,36.038,10.329
1884,1.115,36.039,8.632
1885,1.115,36.039,10.301
1886,0.690,36.043,8.605
1887,0.690,36.043,10.328
1888,0.821,36.050,8.606
1889,0.821,36.050,10.327
1890,0.958,36.052,8.608
1891,0.958,36.052,10.324
1892,1.589,36.389,8.853
1893,1.589,36.389,10.079
1894,1.688,36.389,8.949
1895,1.688,36.389,9.984
1896,1.769,36.395,9.058
1897,1.769,36.395,9.875
1898,1.458,36.401,8.766
1899,1.458,36.401,10.167
1900,1.833,36.402,9.183
1901,1.833,36.402,9.749
1902,1.874,36.407,9.321
1903,1.874,36.407,9.611
1904,0.000,36.409,8.680
1905,0.000,36.409,10.252
1906,1.888,36.409,9.466
1907,1.888,36.409,9.466
1908,0.146,36.410,8.680
1909,0.146,36.410,10.252
1910,0.291,36.411,8.681
1911,0.291,36.411,10.252
1912,0.436,36.414,8.681
1913,0.436,36.414,10.251
1914,0.579,36.417,8.682
1915,0.579,36.417,10.251
1916,0.720,36.422,8.683
1917,0.720,36.422,10.250
1918,1.297,36.422,8.706
1919,1.297,36.422,10.227
1920,0.858,36.427,8.684
1921,0.858,36.427,10.249
1922,0.994,36.433,8.685
1923,0.994,36.433,10.247
1924,1.128,36.439,8.687
1925,1.128,36.439,10.246
1926,1.777,36.759,8.939
1927,1.777,36.759,9.994
1928,1.875,36.762,9.047
1929,1.875,36.762,9.886
1930,1.655,36.765,8.849
1931,1.655,36.765,10.084
1932,1.951,36.768,9.174
1933,1.951,36.768,9.758
1934,1.999,36.773,9.316
1935,1.999,36.773,9.616
1936,0.000,36.775,8.756
1937,0.000,36.775,10.176
1938,2.016,36.775,9.466
1939,2.016,36.775,9.466
1940,0.151,36.776,8.756
1941,0.151,36.776,10.176
1942,0.302,36.777,8.756
1943,0.302,36.777,10.176
1944,0.452,36.779,8.757
1945,0.452,36.779,10.176
1946,0.601,36.782,8.757
1947,0.601,36.782,10.175
1948,0.749,36.785,8.758
1949,0.749,36.785,10.174
1950,1.493,36.786,8.782
1951,1.493,36.786,10.151
1952,0.894,36.789,8.759
1953,0.894,36.789,10.174
1954,1.038,36.794,8.760
1955,1.038,36.794,10.173
1956,1.178,36.799,8.761
1957,1.178,36.799,10.171
1958,1.316,36.805,8.762
1959,1.316,36.805,10.170
1960,1.964,37.089,9.040
1961,1.964,37.089,9.893
1962,1.848,37.090,8.936
1963,1.848,37.090,9.997
1964,2.053,37.093,9.167
1965,2.053,37.093,9.766
1966,2.110,37.098,9.312
1967,2.110,37.098,9.621
1968,0.000,37.100,8.823
1969,0.000,37.100,10.109
1970,2.129,37.100,9.466
1971,2.129,37.100,9.466
1972,0.156,37.100,8.823
1973,0.156,37.100,10.109
1974,0.312,37.101,8.824
1975,0.312,37.101,10.109
1976,0.467,37.102,8.824
1977,0.467,37.102,10.109
1978,1.699,37.103,8.860
1979,1.699,37.103,10.073
1980,0.621,37.104,8.824
1981,0.621,37.104,10.108
1982,0.774,37.107,8.825
1983,0.774,37.107,10.108
1984,0.926,37.110,8.825
1985,0.926,37.110,10.107
1986,1.076,37.113,8.826
1987,1.076,37.113,10.106
1988,1.224,37.117,8.827
1989,1.224,37.117,10.106
1990,1.371,37.122,8.828
1991,1.371,37.122,10.105
1992,1.518,37.124,8.829
1993,1.518,37.124,10.104
1994,2.034,37.360,9.037
1995,2.034,37.360,9.896
1996,2.136,37.362,9.162
1997,2.136,37.362,9.771
1998,1.900,37.364,8.942
1999,1.900,37.364,9.991
2000,2.201,37.366,9.308
2001,2.201,37.366,9.624
2002,0.000,37.367,8.879
2003,0.000,37.367,10.054
2004,2.223,37.367,9.466
2005,2.223,37.367,9.466
2006,0.160,37.367,8.879
2007,0.160,37.367,10.054
2008,0.320,37.368,8.879
2009,0.320,37.368,10.054
2010,0.479,37.369,8.879
2011,0.479,37.369,10.054
2012,0.637,37.370,8.879
2013,0.637,37.370,10.053
2014,0.795,37.372,8.880
2015,0.795,37.372,10.053
2016,0.952,37.374,8.880
2017,0.952,37.374,10.052
2018,1.108,37.377,8.881
2019,1.108,37.377,10.052
2020,1.262,37.380,8.881
2021,1.262,37.380,10.051
2022,1.733,37.380,8.888
2023,1.733,37.380,10.044
2024,1.415,37.383,8.882
2025,1.415,37.383,10.051
2026,1.567,37.386,8.883
2027,1.567,37.386,10.050
2028,2.086,37.570,9.038
2029,2.086,37.570,9.894
2030,2.199,37.571,9.159
2031,2.199,37.571,9.774
2032,2.271,37.574,9.306
2033,2.271,37.574,9.627
2034,0.000,37.575,8.922
2035,0.000,37.575,10.011
2036,2.295,37.575,9.466
2037,2.295,37.575,9.466
2038,0.163,37.575,8.922
2039,0.163,37.575,10.011
2040,0.326,37.576,8.922
2041,0.326,37.576,10.011
2042,1.939,37.576,8.955
2043,1.939,37.576,9.977
2044,0.488,37.576,8.922
2045,0.488,37.576,10.011
2046,0.650,37.577,8.922
2047,0.650,37.577,10.010
2048,0.812,37.578,8.922
2049,0.812,37.578,10.010
2050,0.973,37.580,8.923
2051,0.973,37.580,10.010
2052,1.133,37.582,8.923
2053,1.133,37.582,10.010
2054,1.292,37.583,8.923
2055,1.292,37.583,10.009
2056,1.450,37.586,8.924
2057,1.450,37.586,10.009
2058,1.607,37.588,8.924
2059,1.607,37.588,10.008
2060,1.764,37.590,8.925
2061,1.764,37.590,10.008
2062,2.124,37.727,9.042
2063,2.124,37.727,9.891
2064,2.245,37.727,9.158
2065,2.245,37.727,9.775
2066,2.323,37.729,9.304
2067,2.323,37.729,9.629
2068,0.000,37.729,8.954
2069,0.000,37.729,9.979
2070,2.349,37.729,9.466
2071,2.349,37.729,9.466
2072,0.165,37.729,8.954
2073,0.165,37.729,9.979
2074,0.330,37.730,8.954
2075,0.330,37.730,9.979
2076,0.495,37.730,8.954
2077,0.495,37.730,9.979
2078,0.660,37.731,8.954
2079,0.660,37.731,9.979
2080,0.824,37.732,8.954
2081,0.824,37.732,9.978
2082,1.969,37.732,8.971
2083,1.969,37.732,9.962
2084,0.988,37.733,8.954
2085,0.988,37.733,9.978
2086,1.151,37.734,8.955
2087,1.151,37.734,9.978
2088,1.314,37.735,8.955
2089,1.314,37.735,9.978
2090,1.476,37.736,8.955
2091,1.476,37.736,9.978
2092,1.637,37.738,8.955
2093,1.637,37.738,9.977
2094,1.798,37.739,8.956
2095,1.798,37.739,9.977
2096,2.278,37.839,9.157
2097,2.278,37.839,9.775
2098,2.151,37.839,9.047
2099,2.151,37.839,9.886
2100,2.360,37.840,9.303
2101,2.360,37.840,9.630
2102,0.000,37.840,8.977
2103,0.000,37.840,9.956
2104,0.167,37.840,8.977
2105,0.167,37.840,9.956
2106,2.388,37.840,9.466
2107,2.388,37.840,9.466
2108,0.333,37.840,8.977
2109,0.333,37.840,9.956
2110,0.500,37.841,8.977
2111,0.500,37.841,9.956
2112,0.666,37.841,8.977
2113,0.666,37.841,9.956
2114,0.833,37.841,8.977
2115,0.833,37.841,9.956
2116,0.998,37.842,8.977
2117,0.998,37.842,9.956
2118,1.164,37.843,8.977
2119,1.164,37.843,9.956
2120,1.992,37.843,8.986
2121,1.992,37.843,9.947
2122,1.329,37.843,8.977
2123,1.329,37.843,9.955
2124,1.494,37.844,8.977
2125,1.494,37.844,9.955
2126,1.659,37.845,8.978
2127,1.659,37.845,9.955
2128,1.823,37.846,8.978
2129,1.823,37.846,9.955
2130,2.301,37.917,9.158
2131,2.301,37.917,9.775
2132,2.170,37.917,9.051
2133,2.170,37.917,9.881
2134,2.386,37.917,9.302
2135,2.386,37.917,9.631
2136,0.000,37.918,8.993
2137,0.000,37.918,9.940
2138,0.168,37.918,8.993
2139,0.168,37.918,9.940
2140,2.415,37.918,9.466
2141,2.415,37.918,9.466
2142,0.336,37.918,8.993
2143,0.336,37.918,9.940
2144,0.503,37.918,8.993
2145,0.503,37.918,9.940
2146,0.671,37.918,8.993
2147,0.671,37.918,9.940
2148,0.839,37.918,8.993
2149,0.839,37.918,9.940
2150,1.006,37.919,8.993
2151,1.006,37.919,9.940
2152,1.173,37.919,8.993
2153,1.173,37.919,9.940
2154,1.340,37.919,8.993
2155,1.340,37.919,9.940
2156,2.009,37.920,8.998
2157,2.009,37.920,9.935
2158,1.507,37.920,8.993
2159,1.507,37.920,9.940
2160,1.674,37.920,8.993
2161,1.674,37.920,9.939
2162,1.840,37.921,8.993
2163,1.840,37.921,9.939
2164,2.316,37.970,9.158
2165,2.316,37.970,9.775
2166,2.183,37.971,9.055
2167,2.183,37.971,9.878
2168,2.403,37.971,9.301
2169,2.403,37.971,9.631
2170,0.000,37.971,9.004
2171,0.000,37.971,9.929
2172,0.169,37.971,9.004
2173,0.169,37.971,9.929
2174,2.434,37.971,9.466
2175,2.434,37.971,9.466
2176,0.337,37.971,9.004
2177,0.337,37.971,9.929
2178,0.506,37.971,9.004
2179,0.506,37.971,9.929
2180,0.674,37.971,9.004
2181,0.674,37.971,9.929
2182,0.843,37.971,9.004
2183,0.843,37.971,9.929
2184,1.011,37.971,9.004
2185,1.011,37.971,9.929
2186,1.180,37.971,9.004
2187,1.180,37.971,9.929
2188,1.348,37.972,9.004
2189,1.348,37.972,9.929
2190,1.516,37.972,9.004
2191,1.516,37.972,9.929
2192,2.021,37.972,9.006
2193,2.021,37.972,9.926
2194,1.684,37.972,9.004
2195,1.684,37.972,9.929
2196,1.852,37.972,9.004
2197,1.852,37.972,9.929
2198,0.000,38.007,9.011
2199,0.000,38.007,9.921
2200,0.169,38.007,9.011
2201,0.169,38.007,9.921
2202,0.338,38.007,9.011
2203,0.338,38.007,9.921
2204,0.507,38.007,9.011
2205,0.507,38.007,9.921
2206,0.677,38.007,9.011
2207,0.677,38.007,9.921
2208,0.846,38.007,9.011
2209,0.846,38.007,9.921
2210,1.015,38.007,9.011
2211,1.015,38.007,9.921
2212,1.184,38.007,9.011
2213,1.184,38.007,9.921
2214,1.353,38.007,9.011
2215,1.353,38.007,9.921
2216,1.522,38.007,9.011
2217,1.522,38.007,9.921
2218,1.691,38.007,9.011
2219,1.691,38.007,9.921
2220,1.861,38.007,9.011
2221,1.861,38.007,9.921
2222,2.030,38.007,9.013
2223,2.030,38.007,9.920
2224,2.192,38.007,9.058
2225,2.192,38.007,9.875
2226,2.326,38.007,9.158
2227,2.326,38.007,9.774
2228,2.415,38.007,9.301
2229,2.415,38.007,9.632
2230,2.447,38.007,9.466
2231,2.447,38.007,9.466
2232,2.463,38.054,9.466
2233,2.463,38.054,9.466
2234,2.422,38.054,9.309
2235,2.423,38.054,9.625
2236,2.326,38.054,9.178
2237,2.327,38.054,9.760
2238,2.188,38.054,9.084
2239,2.191,38.054,9.857
2240,2.026,38.054,9.040
2241,2.029,38.054,9.902
2242,1.857,38.054,9.036
2243,1.860,38.054,9.907
2244,1.520,38.054,9.031
2245,1.689,38.054,9.033
2246,1.691,38.054,9.909
2247,1.351,38.054,9.029
2248,1.522,38.054,9.909
2249,1.182,38.054,9.027
2250,1.184,38.054,9.910
2251,1.353,38.054,9.910
2252,1.013,38.055,9.026
2253,1.014,38.055,9.911
2254,0.845,38.055,9.024
2255,0.845,38.055,9.911
2256,0.676,38.055,9.023
2257,0.676,38.055,9.911
2258,0.507,38.055,9.022
2259,0.507,38.055,9.911
2260,0.338,38.055,9.022
2261,0.338,38.055,9.911
2262,0.169,38.055,9.021
2263,0.169,38.055,9.911
2264,0.000,38.055,9.021
2265,0.000,38.055,9.911
2266,2.511,38.192,9.465
2267,2.511,38.192,9.465
2268,2.442,38.192,9.334
2269,2.444,38.192,9.605
2270,2.324,38.192,9.234
2271,2.330,38.192,9.719
2272,2.178,38.192,9.160
2273,2.187,38.192,9.805
2274,2.016,38.192,9.121
2275,2.025,38.192,9.851
2276,1.848,38.193,9.109
2277,1.858,38.193,9.865
2278,1.513,38.193,9.089
2279,1.681,38.193,9.099
2280,1.689,38.193,9.871
2281,1.345,38.193,9.081
2282,1.351,38.193,9.875
2283,1.520,38.193,9.873
2284,1.177,38.193,9.074
2285,1.182,38.193,9.877
2286,1.009,38.193,9.068
2287,1.014,38.193,9.879
2288,0.841,38.193,9.062
2289,0.845,38.193,9.880
2290,0.673,38.193,9.058
2291,0.676,38.193,9.881
2292,0.505,38.193,9.054
2293,0.507,38.193,9.882
2294,0.337,38.193,9.052
2295,0.338,38.193,9.882
2296,0.168,38.193,9.050
2297,0.169,38.193,9.883
2298,0.000,38.193,9.050
2299,0.000,38.193,9.883
2300,0.000,38.372,9.087
2301,0.000,38.372,9.846
2302,0.168,38.372,9.088
2303,0.169,38.372,9.846
2304,0.335,38.372,9.091
2305,0.337,38.372,9.845
2306,0.502,38.372,9.096
2307,0.506,38.372,9.844
2308,0.670,38.372,9.102
2309,0.675,38.372,9.842
2310,0.837,38.372,9.111
2311,0.844,38.372,9.840
2312,1.004,38.372,9.122
2313,1.012,38.372,9.838
2314,1.171,38.372,9.134
2315,1.181,38.372,9.835
2316,1.338,38.372,9.149
2317,1.350,38.372,9.831
2318,1.504,38.372,9.165
2319,1.518,38.372,9.826
2320,1.670,38.373,9.183
2321,1.687,38.373,9.821
2322,1.836,38.373,9.203
2323,1.855,38.373,9.810
2324,2.002,38.373,9.226
2325,2.021,38.373,9.785
2326,2.165,38.373,9.260
2327,2.183,38.373,9.737
2328,2.322,38.373,9.309
2329,2.334,38.373,9.664
2330,2.469,38.373,9.367
2331,2.472,38.373,9.578
2332,2.574,38.373,9.465
2333,2.574,38.373,9.465
2334,0.000,38.461,9.105
2335,0.000,38.461,9.827
2336,0.167,38.461,9.106
2337,0.169,38.461,9.827
2338,0.334,38.461,9.110
2339,0.337,38.461,9.826
2340,0.501,38.461,9.116
2341,0.506,38.461,9.825
2342,0.668,38.461,9.125
2343,0.674,38.461,9.823
2344,0.835,38.461,9.136
2345,0.843,38.461,9.821
2346,1.001,38.462,9.149
2347,1.012,38.462,9.817
2348,1.168,38.462,9.165
2349,1.180,38.462,9.814
2350,1.334,38.462,9.183
2351,1.349,38.462,9.809
2352,1.500,38.462,9.203
2353,1.517,38.462,9.803
2354,1.665,38.462,9.225
2355,1.686,38.462,9.797
2356,1.830,38.462,9.250
2357,1.854,38.462,9.782
2358,1.995,38.462,9.278
2359,2.019,38.462,9.752
2360,2.159,38.462,9.309
2361,2.181,38.462,9.703
2362,2.321,38.462,9.345
2363,2.335,38.462,9.637
2364,2.482,38.462,9.383
2365,2.486,38.462,9.565
2366,2.606,38.462,9.464
2367,2.606,38.462,9.464
2368,0.000,38.486,9.110
2369,0.000,38.486,9.822
2370,0.167,38.486,9.112
2371,0.169,38.486,9.822
2372,0.334,38.486,9.116
2373,0.337,38.486,9.821
2374,0.501,38.486,9.122
2375,0.506,38.486,9.820
2376,0.668,38.486,9.131
2377,0.674,38.486,9.818
2378,0.834,38.486,9.142
2379,0.843,38.486,9.815
2380,1.001,38.486,9.156
2381,1.011,38.486,9.812
2382,1.167,38.486,9.173
2383,1.180,38.486,9.808
2384,1.333,38.486,9.192
2385,1.348,38.486,9.803
2386,1.498,38.486,9.213
2387,1.517,38.486,9.797
2388,1.664,38.486,9.237
2389,1.685,38.486,9.790
2390,1.829,38.486,9.263
2391,1.853,38.486,9.775
2392,1.993,38.486,9.292
2393,2.019,38.486,9.743
2394,2.157,38.486,9.323
2395,2.180,38.486,9.694
2396,2.321,38.486,9.355
2397,2.336,38.486,9.630
2398,2.485,38.486,9.387
2399,2.490,38.486,9.562
2400,2.614,38.486,9.464
2401,2.614,38.486,9.464
2402,0.000,38.506,9.110
2403,0.000,38.506,9.822
2404,0.169,38.506,9.822
2405,0.337,38.506,9.821
2406,0.506,38.506,9.820
2407,0.167,38.506,9.112
2408,0.334,38.506,9.116
2409,0.674,38.506,9.818
2410,0.843,38.506,9.815
2411,1.011,38.506,9.812
2412,1.180,38.506,9.808
2413,1.348,38.506,9.803
2414,1.517,38.506,9.798
2415,0.501,38.506,9.122
2416,0.667,38.506,9.131
2417,1.685,38.506,9.791
2418,1.853,38.506,9.775
2419,2.018,38.506,9.743
2420,2.180,38.506,9.694
2421,2.335,38.506,9.629
2422,0.834,38.506,9.143
2423,1.000,38.506,9.157
2424,1.167,38.506,9.173
2425,2.321,38.506,9.356
2426,2.485,38.506,9.387
2427,2.489,38.506,9.561
2428,2.614,38.506,9.464
2429,2.614,38.506,9.464
2430,1.332,38.506,9.192
2431,1.498,38.506,9.213
2432,1.663,38.506,9.237
2433,1.828,38.506,9.263
2434,1.993,38.506,9.292
2435,2.157,38.506,9.323
2436,0.000,38.542,9.110
2437,0.000,38.542,9.822
2438,0.169,38.542,9.822
2439,0.167,38.542,9.112
2440,0.337,38.542,9.822
2441,0.506,38.543,9.820
2442,0.334,38.543,9.116
2443,0.674,38.543,9.819
2444,0.500,38.543,9.122
2445,0.843,38.543,9.816
2446,1.011,38.543,9.813
2447,0.667,38.543,9.131
2448,1.180,38.543,9.809
2449,0.834,38.543,9.143
2450,1.349,38.543,9.804
2451,1.517,38.543,9.799
2452,1.000,38.543,9.157
2453,1.685,38.544,9.792
2454,1.166,38.544,9.173
2455,1.853,38.544,9.776
2456,1.332,38.544,9.192
2457,2.018,38.544,9.743
2458,1.497,38.544,9.214
2459,2.179,38.544,9.693
2460,1.663,38.544,9.237
2461,1.828,38.544,9.264
2462,2.335,38.544,9.628
2463,1.992,38.544,9.292
2464,2.489,38.544,9.560
2465,2.156,38.544,9.323
2466,2.320,38.544,9.356
2467,2.484,38.544,9.388
2468,2.615,38.544,9.464
2469,2.615,38.544,9.464
2470,0.000,38.606,9.110
2471,0.000,38.606,9.823
2472,0.169,38.607,9.823
2473,0.167,38.607,9.111
2474,0.337,38.607,9.822
2475,0.333,38.608,9.115
2476,0.506,38.608,9.821
2477,0.675,38.609,9.819
2478,0.500,38.609,9.122
2479,0.843,38.609,9.817
2480,0.666,38.609,9.131
2481,1.012,38.610,9.814
2482,0.833,38.610,9.143
2483,1.181,38.610,9.810
2484,1.349,38.611,9.806
2485,0.999,38.611,9.157
2486,1.518,38.611,9.800
2487,1.165,38.611,9.173
2488,1.686,38.612,9.794
2489,1.331,38.612,9.193
2490,1.854,38.612,9.777
2491,1.496,38.612,9.214
2492,2.019,38.613,9.743
2493,1.662,38.613,9.238
2494,1.827,38.613,9.264
2495,2.180,38.613,9.692
2496,1.992,38.613,9.293
2497,2.335,38.614,9.626
2498,2.156,38.614,9.324
2499,2.320,38.614,9.357
2500,2.489,38.614,9.557
2501,2.484,38.614,9.390
2502,2.617,38.615,9.464
2503,2.617,38.615,9.464
2504,0.000,38.713,9.109
2505,0.000,38.713,9.823
2506,0.169,38.714,9.824
2507,0.166,38.715,9.111
2508,0.338,38.716,9.823
2509,0.333,38.717,9.115
2510,0.507,38.717,9.822
2511,0.676,38.718,9.821
2512,0.499,38.718,9.122
2513,0.846,38.719,9.819
2514,0.665,38.720,9.131
2515,1.015,38.721,9.816
2516,0.832,38.722,9.143
2517,1.184,38.722,9.812
2518,0.998,38.723,9.157
2519,1.353,38.723,9.808
2520,1.164,38.724,9.174
2521,1.522,38.725,9.802
2522,1.330,38.726,9.193
2523,1.691,38.726,9.795
2524,1.496,38.727,9.214
2525,1.859,38.727,9.778
2526,1.662,38.728,9.239
2527,2.025,38.728,9.742
2528,1.828,38.729,9.265
2529,2.185,38.730,9.689
2530,1.993,38.730,9.294
2531,2.341,38.731,9.622
2532,2.158,38.731,9.326
2533,2.324,38.732,9.359
2534,2.495,38.732,9.553
2535,2.489,38.733,9.392
2536,2.626,38.733,9.462
2537,2.626,38.733,9.462
2538,0.000,38.872,9.108
2539,0.000,38.872,9.825
2540,0.171,38.874,9.825
2541,0.167,38.875,9.109
2542,0.341,38.876,9.825
2543,0.334,38.878,9.113
2544,0.512,38.879,9.824
2545,0.683,38.881,9.822
2546,0.501,38.881,9.120
2547,0.854,38.883,9.819
2548,0.668,38.884,9.130
2549,1.025,38.885,9.816
2550,0.835,38.887,9.141
2551,1.196,38.887,9.813
2552,1.367,38.890,9.808
2553,1.003,38.890,9.156
2554,1.538,38.892,9.802
2555,1.171,38.892,9.173
2556,1.709,38.894,9.795
2557,1.339,38.895,9.192
2558,1.879,38.896,9.777
2559,1.507,38.897,9.214
2560,2.047,38.899,9.740
2561,1.675,38.899,9.239
2562,1.843,38.901,9.266
2563,2.209,38.901,9.686
2564,2.011,38.902,9.295
2565,2.367,38.903,9.617
2566,2.178,38.904,9.327
2567,2.346,38.905,9.361
2568,2.524,38.905,9.548
2569,2.515,38.907,9.394
2570,2.660,38.908,9.458
2571,2.660,38.908,9.458
2572,0.000,39.074,9.106
2573,0.000,39.074,9.826
2574,0.176,39.076,9.826
2575,0.174,39.076,9.108
2576,0.353,39.077,9.825
2577,0.348,39.078,9.112
2578,0.529,39.079,9.824
2579,0.522,39.080,9.119
2580,0.706,39.081,9.822
2581,0.696,39.082,9.128
2582,0.883,39.083,9.819
2583,0.871,39.084,9.141
2584,1.060,39.084,9.816
2585,1.045,39.086,9.156
2586,1.237,39.086,9.811
2587,1.219,39.087,9.173
2588,1.414,39.088,9.806
2589,1.394,39.089,9.194
2590,1.591,39.089,9.800
2591,1.568,39.090,9.217
2592,1.768,39.091,9.792
2593,1.741,39.092,9.242
2594,1.945,39.093,9.773
2595,1.915,39.094,9.271
2596,2.119,39.095,9.738
2597,2.088,39.095,9.301
2598,2.288,39.096,9.685
2599,2.261,39.097,9.335
2600,2.453,39.098,9.617
2601,2.434,39.098,9.369
2602,2.616,39.099,9.546
2603,2.607,39.100,9.400
2604,2.761,39.101,9.456
2605,2.761,39.101,9.456
2606,0.000,39.285,9.106
2607,0.000,39.285,9.826
2608,0.182,39.285,9.108
2609,0.184,39.285,9.826
2610,0.364,39.285,9.113
2611,0.368,39.285,9.825
2612,0.546,39.285,9.120
2613,0.552,39.285,9.824
2614,0.728,39.285,9.130
2615,0.736,39.285,9.822
2616,0.909,39.285,9.144
2617,0.920,39.285,9.819
2618,1.091,39.285,9.160
2619,1.104,39.285,9.815
2620,1.272,39.285,9.179
2621,1.288,39.285,9.811
2622,1.453,39.285,9.200
2623,1.471,39.285,9.805
2624,1.633,39.285,9.225
2625,1.655,39.285,9.798
2626,1.813,39.285,9.253
2627,1.839,39.285,9.789
2628,1.992,39.285,9.283
2629,2.022,39.285,9.772
2630,2.171,39.285,9.316
2631,2.203,39.285,9.741
2632,2.350,39.285,9.351
2633,2.381,39.285,9.693
2634,2.529,39.285,9.385
2635,2.553,39.285,9.628
2636,2.709,39.285,9.414
2637,2.721,39.285,9.554
2638,2.873,39.285,9.461
2639,2.873,39.285,9.461
2640,2.800,39.411,9.556
2641,2.953,39.414,9.448
2642,2.953,39.414,9.448
2643,2.627,39.415,9.634
2644,2.450,39.421,9.699
2645,2.775,39.423,9.425
2646,2.266,39.429,9.744
2647,2.590,39.430,9.397
2648,2.079,39.436,9.769
2649,2.406,39.438,9.364
2650,1.890,39.443,9.784
2651,2.223,39.445,9.328
2652,1.701,39.449,9.794
2653,2.982,39.450,9.446
2654,2.982,39.450,9.446
2655,2.040,39.452,9.293
2656,1.512,39.456,9.801
2657,2.829,39.458,9.560
2658,1.856,39.460,9.261
2659,1.323,39.462,9.807
2660,2.998,39.468,9.446
2661,2.998,39.468,9.446
2662,1.672,39.468,9.232
2663,1.134,39.468,9.812
2664,2.656,39.474,9.641
2665,2.800,39.474,9.429
2666,0.945,39.475,9.816
2667,2.839,39.476,9.561
2668,1.487,39.476,9.206
2669,3.008,39.479,9.445
2670,3.008,39.479,9.445
2671,0.756,39.481,9.820
2672,1.303,39.485,9.183
2673,3.016,39.486,9.445
2674,3.016,39.486,9.445
2675,0.567,39.487,9.822
2676,3.022,39.493,9.445
2677,3.022,39.493,9.445
2678,0.378,39.493,9.824
2679,1.117,39.493,9.163
2680,2.848,39.493,9.563
2681,2.477,39.495,9.706
2682,2.613,39.497,9.403
2683,3.028,39.498,9.446
2684,3.028,39.498,9.446
2685,0.189,39.499,9.825
2686,0.932,39.502,9.146
2687,3.034,39.503,9.446
2688,3.034,39.503,9.446
2689,0.000,39.505,9.826
2690,2.666,39.508,9.647
2691,3.039,39.508,9.446
2692,3.039,39.508,9.446
2693,2.813,39.508,9.431
2694,0.746,39.510,9.132
2695,2.856,39.510,9.565
2696,3.045,39.513,9.446
2697,3.045,39.513,9.446
2698,2.291,39.518,9.748
2699,0.560,39.519,9.121
2700,3.052,39.519,9.446
2701,3.052,39.519,9.446
2702,2.427,39.519,9.370
2703,3.060,39.526,9.447
2704,3.060,39.526,9.447
2705,2.864,39.527,9.566
2706,0.373,39.527,9.113
2707,3.072,39.535,9.447
2708,3.072,39.535,9.447
2709,3.072,39.535,9.447
2710,0.187,39.536,9.108
2711,2.822,39.536,9.433
2712,2.101,39.539,9.769
2713,2.242,39.542,9.334
2714,0.000,39.544,9.107
2715,2.869,39.544,9.565
2716,2.675,39.545,9.651
2717,2.485,39.548,9.711
2718,2.626,39.548,9.406
2719,3.082,39.551,9.443
2720,2.829,39.559,9.433
2721,1.910,39.560,9.783
2722,2.873,39.561,9.562
2723,2.057,39.565,9.298
2724,3.097,39.575,9.437
2725,2.877,39.577,9.557
2726,2.680,39.577,9.646
2727,2.835,39.577,9.432
2728,1.720,39.580,9.793
2729,2.297,39.587,9.748
2730,2.439,39.588,9.372
2731,1.872,39.588,9.265
2732,2.840,39.592,9.431
2733,2.634,39.592,9.405
2734,2.882,39.593,9.551
2735,2.490,39.599,9.707
2736,1.529,39.601,9.801
2737,2.845,39.604,9.429
2738,2.685,39.606,9.640
2739,2.886,39.608,9.546
2740,1.686,39.612,9.235
2741,3.121,39.612,9.427
2742,2.850,39.613,9.428
2743,1.338,39.621,9.807
2744,2.855,39.622,9.427
2745,2.889,39.623,9.541
2746,2.106,39.626,9.770
2747,2.253,39.627,9.334
2748,2.861,39.629,9.426
2749,2.641,39.629,9.403
2750,2.688,39.633,9.635
2751,1.500,39.635,9.209
2752,2.869,39.637,9.425
2753,2.893,39.639,9.535
2754,1.147,39.642,9.812
2755,2.880,39.646,9.420
2756,2.880,39.646,9.420
2757,2.496,39.647,9.702
2758,2.447,39.648,9.370
2759,2.302,39.656,9.746
2760,2.691,39.657,9.630
2761,1.314,39.659,9.185
2762,2.646,39.659,9.400
2763,0.956,39.662,9.816
2764,2.889,39.662,9.420
2765,1.915,39.664,9.785
2766,2.067,39.667,9.297
2767,3.158,39.670,9.412
2768,2.694,39.678,9.624
2769,0.765,39.682,9.819
2770,2.651,39.683,9.397
2771,1.127,39.683,9.164
2772,2.904,39.687,9.414
2773,2.500,39.688,9.697
2774,2.698,39.696,9.619
2775,2.453,39.699,9.366
2776,2.656,39.701,9.395
2777,1.724,39.702,9.793
2778,0.573,39.703,9.821
2779,2.260,39.703,9.331
2780,1.881,39.707,9.264
2781,0.940,39.707,9.147
2782,2.112,39.711,9.770
2783,2.701,39.714,9.614
2784,2.660,39.716,9.393
2785,2.308,39.718,9.743
2786,0.382,39.723,9.823
2787,2.503,39.725,9.693
2788,2.926,39.725,9.404
2789,2.665,39.727,9.391
2790,2.705,39.730,9.609
2791,0.752,39.732,9.132
2792,2.671,39.737,9.390
2793,1.533,39.740,9.800
2794,2.458,39.741,9.362
2795,0.191,39.743,9.824
2796,2.708,39.746,9.603
2797,2.678,39.746,9.389
2798,1.694,39.747,9.234
2799,2.505,39.755,9.688
2800,0.564,39.756,9.121
2801,3.213,39.756,9.392
2802,2.688,39.756,9.388
2803,2.688,39.756,9.388
2804,2.074,39.759,9.294
2805,0.000,39.763,9.824
2806,1.920,39.767,9.785
2807,2.266,39.769,9.326
2808,2.697,39.772,9.385
2809,2.312,39.773,9.739
2810,2.463,39.773,9.358
2811,1.341,39.778,9.805
2812,0.377,39.780,9.112
2813,2.509,39.781,9.683
2814,2.960,39.783,9.390
2815,1.507,39.787,9.207
2816,2.117,39.790,9.768
2817,2.710,39.798,9.381
2818,2.467,39.798,9.355
2819,2.512,39.802,9.679
2820,0.188,39.804,9.107
2821,1.887,39.816,9.259
2822,1.150,39.816,9.809
2823,2.472,39.817,9.352
2824,2.315,39.819,9.736
2825,2.515,39.821,9.675
2826,1.728,39.822,9.792
2827,2.271,39.822,9.321
2828,0.000,39.828,9.105
2829,1.319,39.829,9.184
2830,2.476,39.832,9.350
2831,2.731,39.837,9.374
2832,2.518,39.838,9.671
2833,2.079,39.839,9.288
2834,2.482,39.843,9.349
2835,2.521,39.853,9.667
2836,2.488,39.854,9.348
2837,0.958,39.854,9.812
2838,2.317,39.856,9.732
2839,2.122,39.857,9.766
2840,1.925,39.861,9.783
2841,2.275,39.864,9.317
2842,2.498,39.865,9.347
2843,2.498,39.865,9.347
2844,1.132,39.870,9.164
2845,3.012,39.871,9.369
2846,1.699,39.872,9.230
2847,1.536,39.878,9.796
2848,2.506,39.881,9.344
2849,3.292,39.882,9.364
2850,2.320,39.886,9.728
2851,0.766,39.892,9.814
2852,2.279,39.895,9.313
2853,2.763,39.896,9.361
2854,2.083,39.904,9.283
2855,2.518,39.907,9.341
2856,1.891,39.910,9.254
2857,2.323,39.910,9.725
2858,0.944,39.911,9.146
2859,2.124,39.913,9.763
2860,2.283,39.919,9.310
2861,1.511,39.929,9.204
2862,0.575,39.930,9.816
2863,2.326,39.930,9.722
2864,1.733,39.932,9.788
2865,1.344,39.933,9.800
2866,2.287,39.937,9.308
2867,1.929,39.941,9.780
2868,2.537,39.946,9.334
2869,2.329,39.947,9.719
2870,2.292,39.951,9.307
2871,0.755,39.953,9.131
2872,2.087,39.955,9.278
2873,2.126,39.957,9.760
2874,2.298,39.962,9.306
2875,2.332,39.963,9.717
2876,0.383,39.967,9.817
2877,2.307,39.973,9.305
2878,2.307,39.973,9.305
2879,1.703,39.980,9.224
2880,2.811,39.986,9.340
2881,1.323,39.986,9.181
2882,1.895,39.986,9.248
2883,1.152,39.988,9.802
2884,2.315,39.990,9.303
2885,2.129,39.992,9.757
2886,2.091,39.993,9.273
2887,0.567,39.994,9.119
2888,3.087,39.999,9.340
2889,1.540,40.003,9.791
2890,0.192,40.005,9.818
2891,1.932,40.007,9.777
2892,2.567,40.007,9.323
2893,2.326,40.016,9.299
2894,2.132,40.019,9.755
2895,2.094,40.021,9.270
2896,1.737,40.025,9.784
2897,0.378,40.035,9.110
2898,2.134,40.040,9.753
2899,2.098,40.042,9.268
2900,0.000,40.043,9.818
2901,1.135,40.044,9.160
2902,0.960,40.044,9.804
2903,1.898,40.046,9.242
2904,1.514,40.051,9.198
2905,2.344,40.056,9.294
2906,2.103,40.058,9.266
2907,1.934,40.058,9.774
2908,2.137,40.058,9.751
2909,3.404,40.059,9.330
2910,1.706,40.069,9.218
2911,2.108,40.071,9.265
2912,2.139,40.074,9.749
2913,1.348,40.074,9.793
2914,0.189,40.077,9.103
2915,2.117,40.082,9.264
2916,2.117,40.082,9.264
2917,1.902,40.091,9.237
2918,1.936,40.098,9.772
2919,2.611,40.099,9.305
2920,2.123,40.099,9.262
2921,0.768,40.099,9.806
2922,1.739,40.101,9.779
2923,0.946,40.101,9.142
2924,1.544,40.110,9.785
2925,2.881,40.116,9.312
2926,2.371,40.118,9.284
2927,0.000,40.118,9.101
2928,1.326,40.123,9.175
2929,1.905,40.124,9.234
2930,2.134,40.125,9.259
2931,1.939,40.128,9.769
2932,1.709,40.137,9.212
2933,1.155,40.146,9.794
2934,1.908,40.148,9.231
2935,1.517,40.151,9.191
2936,1.941,40.151,9.768
2937,0.576,40.155,9.806
2938,0.757,40.159,9.127
2939,1.741,40.160,9.775
2940,1.913,40.166,9.229
2941,2.150,40.166,9.254
2942,1.943,40.170,9.766
2943,3.191,40.179,9.303
2944,1.918,40.180,9.228
2945,1.945,40.186,9.764
2946,1.712,40.189,9.207
2947,1.925,40.192,9.227
2948,1.925,40.192,9.227
2949,1.351,40.194,9.785
2950,1.137,40.195,9.154
2951,1.545,40.195,9.779
2952,1.743,40.204,9.772
2953,1.931,40.209,9.225
2954,0.384,40.210,9.807
2955,2.412,40.211,9.267
2956,0.963,40.217,9.794
2957,0.568,40.217,9.114
2958,1.715,40.227,9.203
2959,1.520,40.229,9.185
2960,2.175,40.229,9.245
2961,2.676,40.232,9.278
2962,1.328,40.235,9.167
2963,1.941,40.235,9.222
2964,1.745,40.237,9.769
2965,1.718,40.254,9.200
2966,1.547,40.261,9.774
2967,1.747,40.262,9.767
2968,0.192,40.265,9.807
2969,0.948,40.267,9.135
2970,1.722,40.274,9.198
2971,0.379,40.275,9.104
2972,1.956,40.277,9.217
2973,1.158,40.278,9.785
2974,1.749,40.282,9.765
2975,1.522,40.287,9.179
2976,0.770,40.288,9.795
2977,1.727,40.289,9.196
2978,1.352,40.289,9.778
2979,3.550,40.293,9.291
2980,1.751,40.298,9.764
2981,2.979,40.300,9.275
2982,1.733,40.302,9.195
2983,1.733,40.302,9.195
2984,1.549,40.310,9.769
2985,1.139,40.319,9.145
2986,1.739,40.319,9.193
2987,0.000,40.320,9.806
2988,1.330,40.322,9.160
2989,2.213,40.324,9.230
2990,1.525,40.330,9.174
2991,0.190,40.333,9.097
2992,0.759,40.339,9.119
2993,1.978,40.341,9.209
2994,1.747,40.346,9.190
2995,1.551,40.346,9.766
2996,2.472,40.348,9.242
2997,0.577,40.359,9.794
2998,1.528,40.360,9.171
2999,1.354,40.362,9.771
3000,0.965,40.362,9.784
3001,1.553,40.373,9.763
3002,1.531,40.382,9.168
3003,1.159,40.384,9.776
3004,1.333,40.386,9.153
3005,1.761,40.388,9.185
3006,0.000,40.391,9.094
3007,1.554,40.394,9.761
3008,1.535,40.399,9.166
3009,0.950,40.403,9.126
3010,1.556,40.411,9.759
3011,0.569,40.411,9.106
3012,1.541,40.412,9.165
3013,1.541,40.412,9.165
3014,1.141,40.415,9.137
3015,1.355,40.416,9.766
3016,3.328,40.418,9.261
3017,2.767,40.420,9.243
3018,1.546,40.430,9.163
3019,0.385,40.430,9.794
3020,1.335,40.434,9.148
3021,2.012,40.438,9.195
3022,0.772,40.447,9.783
3023,1.781,40.453,9.176
3024,1.357,40.455,9.762
3025,1.554,40.457,9.160
3026,2.267,40.463,9.207
3027,1.160,40.464,9.769
3028,1.337,40.467,9.144
3029,0.966,40.478,9.774
3030,0.380,40.484,9.096
3031,1.359,40.484,9.759
3032,1.143,40.486,9.130
3033,0.760,40.486,9.110
3034,1.340,40.492,9.141
3035,1.566,40.499,9.155
3036,0.193,40.501,9.793
3037,1.360,40.506,9.757
3038,0.951,40.507,9.118
3039,1.344,40.510,9.140
3040,1.162,40.522,9.763
3041,1.362,40.523,9.755
3042,1.349,40.524,9.138
3043,1.349,40.524,9.138
3044,0.579,40.531,9.781
3045,1.145,40.538,9.125
3046,2.556,40.539,9.209
3047,1.353,40.541,9.137
3048,3.107,40.544,9.233
3049,1.812,40.551,9.163
3050,0.190,40.556,9.090
3051,1.163,40.565,9.758
3052,0.967,40.565,9.766
3053,1.584,40.565,9.147
3054,1.360,40.569,9.134
3055,0.570,40.570,9.097
3056,0.772,40.572,9.772
3057,0.000,40.573,9.791
3058,1.147,40.575,9.122
3059,3.728,40.578,9.252
3060,2.062,40.580,9.174
3061,0.953,40.586,9.111
3062,1.164,40.596,9.755
3063,0.761,40.601,9.102
3064,1.149,40.602,9.119
3065,1.370,40.612,9.129
3066,0.386,40.615,9.780
3067,1.166,40.618,9.753
3068,1.152,40.621,9.117
3069,0.968,40.629,9.760
3070,0.000,40.629,9.085
3071,1.167,40.635,9.751
3072,1.156,40.635,9.116
3073,1.156,40.635,9.116
3074,0.954,40.643,9.106
3075,1.160,40.653,9.115
3076,0.380,40.655,9.088
3077,2.344,40.659,9.176
3078,1.611,40.666,9.135
3079,0.773,40.666,9.763
3080,0.579,40.667,9.770
3081,2.886,40.669,9.201
3082,0.969,40.674,9.755
3083,1.386,40.679,9.122
3084,1.166,40.681,9.112
3085,0.956,40.683,9.103
3086,0.762,40.686,9.096
3087,0.571,40.694,9.090
3088,1.857,40.696,9.144
3089,0.193,40.700,9.778
3090,0.970,40.707,9.751
3091,3.495,40.710,9.220
3092,0.958,40.712,9.101
3093,1.175,40.725,9.108
3094,0.971,40.730,9.748
3095,0.961,40.732,9.099
3096,0.774,40.735,9.756
3097,0.190,40.739,9.081
3098,0.763,40.747,9.091
3099,0.964,40.747,9.098
3100,0.964,40.747,9.098
3101,0.973,40.747,9.746
3102,0.386,40.761,9.767
3103,0.967,40.765,9.096
3104,0.580,40.768,9.760
3105,2.132,40.780,9.145
3106,1.410,40.781,9.112
3107,0.775,40.784,9.751
3108,0.000,40.784,9.776
3109,0.572,40.786,9.084
3110,0.381,40.787,9.080
3111,0.765,40.791,9.088
3112,1.188,40.793,9.102
3113,0.971,40.793,9.094
3114,2.666,40.794,9.169
3115,1.651,40.813,9.118
3116,0.776,40.818,9.747
3117,0.767,40.822,9.086
3118,0.000,40.823,9.075
3119,0.979,40.838,9.090
3120,0.581,40.841,9.752
3121,3.263,40.842,9.189
3122,0.777,40.842,9.744
3123,0.769,40.843,9.084
3124,0.573,40.852,9.079
3125,0.193,40.855,9.764
3126,0.771,40.859,9.083
3127,0.771,40.859,9.083
3128,0.778,40.860,9.742
3129,0.387,40.870,9.757
3130,0.773,40.877,9.082
3131,0.190,40.881,9.072
3132,0.381,40.886,9.074
3133,0.581,40.893,9.747
3134,3.924,40.896,9.214
3135,1.209,40.896,9.092
3136,0.574,40.899,9.076
3137,1.919,40.901,9.118
3138,0.777,40.906,9.079
3139,0.990,40.907,9.085
3140,2.445,40.919,9.137
3141,0.582,40.929,9.743
3142,1.445,40.931,9.096
3143,0.575,40.932,9.073
3144,0.387,40.948,9.748
3145,0.000,40.950,9.761
3146,0.783,40.951,9.076
3147,0.583,40.954,9.740
3148,0.577,40.955,9.072
3149,0.382,40.957,9.069
3150,0.193,40.971,9.753
3151,0.578,40.972,9.070
3152,0.578,40.972,9.070
3153,0.584,40.972,9.737
3154,0.000,40.974,9.066
3155,3.031,40.974,9.157
3156,0.191,40.986,9.065
3157,0.580,40.990,9.069
3158,0.388,41.002,9.743
3159,0.383,41.007,9.065
3160,1.007,41.012,9.075
3161,0.583,41.019,9.067
3162,0.792,41.021,9.070
3163,1.706,41.022,9.094
3164,3.680,41.035,9.181
3165,0.388,41.040,9.738
3166,0.383,41.042,9.063
3167,2.223,41.046,9.109
3168,1.238,41.049,9.077
3169,0.194,41.054,9.745
3170,0.191,41.062,9.060
3171,0.587,41.064,9.064
3172,0.389,41.066,9.735
3173,0.385,41.067,9.061
3174,0.000,41.073,9.750
3175,0.385,41.084,9.060
3176,0.385,41.084,9.060
3177,0.389,41.084,9.733
3178,0.000,41.086,9.058
3179,0.387,41.102,9.059
3180,2.799,41.106,9.125
3181,0.194,41.112,9.738
3182,0.191,41.116,9.056
3183,0.806,41.128,9.062
3184,0.389,41.132,9.056
3185,0.594,41.135,9.058
3186,1.493,41.144,9.074
3187,0.194,41.152,9.734
3188,0.192,41.153,9.054
3189,0.000,41.160,9.741
3190,0.000,41.167,9.052
3191,1.032,41.168,9.062
3192,2.001,41.172,9.084
3193,3.435,41.175,9.149
3194,0.392,41.178,9.053
3195,0.194,41.178,9.731
3196,0.192,41.179,9.052
3197,0.193,41.196,9.050
3198,0.193,41.196,9.050
3199,0.195,41.197,9.729
3200,4.120,41.214,9.178
3201,0.193,41.215,9.049
3202,0.000,41.221,9.734
3203,0.000,41.224,9.048
3204,2.567,41.239,9.096
3205,0.604,41.244,9.050
3206,0.194,41.244,9.047
3207,0.396,41.250,9.047
3208,0.000,41.263,9.730
3209,0.000,41.263,9.045
3210,1.280,41.266,9.057
3211,0.826,41.286,9.049
3212,0.000,41.290,9.043
3213,0.000,41.291,9.727
3214,0.196,41.291,9.043
3215,1.779,41.299,9.063
3216,0.000,41.308,9.042
3217,0.000,41.308,9.042
3218,0.000,41.309,9.724
3219,3.191,41.315,9.119
3220,0.000,41.327,9.040
3221,0.000,41.357,9.038
3222,0.403,41.360,9.039
3223,3.864,41.362,9.147
3224,0.198,41.364,9.038
3225,2.334,41.372,9.070
3226,1.067,41.388,9.043
3227,0.000,41.405,9.034
3228,0.619,41.405,9.037
3229,1.557,41.427,9.046
3230,2.947,41.455,9.087
3231,0.201,41.476,9.029
3232,0.000,41.479,9.029
3233,4.298,41.501,9.145
3234,2.101,41.506,9.048
3235,3.607,41.510,9.117
3236,0.853,41.511,9.030
3237,0.413,41.523,9.026
3238,1.335,41.555,9.031
3239,0.000,41.592,9.020
3240,2.703,41.596,9.058
3241,0.640,41.633,9.019
3242,1.868,41.640,9.030
3243,0.206,41.642,9.017
3244,4.030,41.656,9.118
3245,3.351,41.658,9.088
3246,1.112,41.683,9.018
3247,4.444,41.736,9.116
3248,2.457,41.737,9.033
3249,0.427,41.756,9.009
3250,0.000,41.761,9.008
3251,1.634,41.775,9.015
3252,3.095,41.806,9.059
3253,0.890,41.811,9.007
3254,3.762,41.811,9.091
3255,0.213,41.878,8.999
3256,2.211,41.879,9.014
3257,4.166,41.897,9.093
3258,1.401,41.910,9.002
3259,4.555,41.915,9.091
3260,0.667,41.939,8.996
3261,2.838,41.954,9.030
3262,3.494,41.966,9.065
3263,0.000,42.001,8.991
3264,1.965,42.022,8.999
3265,4.635,42.042,9.072
3266,1.167,42.045,8.991
3267,3.889,42.058,9.071
3268,0.445,42.067,8.987
3269,4.270,42.079,9.073
3270,2.580,42.104,9.007
3271,3.227,42.122,9.040
3272,4.690,42.130,9.058
3273,1.720,42.165,8.987
3274,0.934,42.180,8.982
3275,4.726,42.188,9.048
3276,0.222,42.195,8.979
3277,4.345,42.210,9.058
3278,3.612,42.219,9.049
3279,4.750,42.226,9.041
3280,3.986,42.245,9.055
3281,4.765,42.251,9.037
3282,2.321,42.255,8.990
3283,4.775,42.265,9.025
3284,2.959,42.278,9.014
3285,4.396,42.300,9.047
3286,1.474,42.308,8.978
3287,0.700,42.315,8.974
3288,0.000,42.323,8.973
3289,4.431,42.359,9.039
3290,4.055,42.378,9.044
3291,3.335,42.381,9.028
3292,4.453,42.398,9.033
3293,2.063,42.405,8.978
3294,3.702,42.410,9.038
3295,4.468,42.423,9.030
3296,2.690,42.435,8.993
3297,4.476,42.438,9.020
3298,0.467,42.450,8.968
3299,1.228,42.451,8.970
3300,4.103,42.469,9.035
3301,4.135,42.530,9.029
3302,3.059,42.543,9.006
3303,3.766,42.546,9.030
3304,1.805,42.556,8.970
3305,4.156,42.569,9.026
3306,3.418,42.576,9.020
3307,0.233,42.585,8.964
3308,2.421,42.593,8.979
3309,0.982,42.594,8.965
3310,4.170,42.595,9.023
3311,4.178,42.610,9.015
3312,3.810,42.639,9.024
3313,3.840,42.701,9.020
3314,2.781,42.705,8.988
3315,1.547,42.707,8.964
3316,3.477,42.715,9.016
3317,0.000,42.720,8.962
3318,0.737,42.736,8.962
3319,3.859,42.741,9.018
3320,3.134,42.742,9.003
3321,2.151,42.750,8.970
3322,3.872,42.767,9.016
3323,3.879,42.782,9.010
3324,3.518,42.810,9.013
3325,1.289,42.857,8.961
3326,2.502,42.868,8.976
3327,3.545,42.872,9.011
3328,0.491,42.879,8.960
3329,3.188,42.884,9.002
3330,1.882,42.907,8.965
3331,2.849,42.909,8.987
3332,3.563,42.913,9.009
3333,3.574,42.939,9.009
3334,3.581,42.955,9.005
3335,3.225,42.980,9.001
3336,1.031,43.008,8.959
3337,0.246,43.022,8.959
3338,2.224,43.030,8.970
3339,3.250,43.043,9.001
3340,2.898,43.053,8.989
3341,1.613,43.064,8.961
3342,2.564,43.075,8.978
3343,3.266,43.085,9.001
3344,3.276,43.111,9.001
3345,3.283,43.127,9.000
3346,2.932,43.150,8.990
3347,0.773,43.158,8.959
3348,0.000,43.164,8.959
3349,1.946,43.193,8.965
3350,2.954,43.215,8.992
3351,2.608,43.221,8.980
3352,1.344,43.221,8.959
3353,2.279,43.241,8.971
3354,2.969,43.257,8.993
3355,2.979,43.283,8.994
3356,2.984,43.299,8.994
3357,0.516,43.308,8.959
3358,2.639,43.321,8.982
3359,1.668,43.355,8.961
3360,1.075,43.378,8.958
3361,2.659,43.386,8.984
3362,2.318,43.390,8.973
3363,1.994,43.407,8.966
3364,2.672,43.428,8.985
3365,2.681,43.455,8.986
3366,0.258,43.458,8.958
3367,2.686,43.472,8.987
3368,2.346,43.491,8.975
3369,1.389,43.517,8.959
3370,0.806,43.535,8.958
3371,2.364,43.557,8.977
3372,2.029,43.558,8.968
3373,1.709,43.573,8.961
3374,2.375,43.600,8.978
3375,0.000,43.609,8.956
3376,2.383,43.627,8.979
3377,2.387,43.644,8.980
3378,2.052,43.661,8.969
3379,1.111,43.679,8.957
3380,0.538,43.692,8.956
3381,1.739,43.726,8.962
3382,2.068,43.728,8.970
3383,1.424,43.738,8.957
3384,2.078,43.772,8.971
3385,2.085,43.799,8.972
3386,2.089,43.816,8.972
3387,1.759,43.831,8.962
3388,0.834,43.841,8.954
3389,0.269,43.849,8.952
3390,1.449,43.895,8.957
3391,1.773,43.899,8.963
3392,1.139,43.904,8.954
3393,1.781,43.943,8.964
3394,1.787,43.971,8.964
3395,1.790,43.988,8.965
3396,1.466,44.001,8.956
3397,0.556,44.004,8.950
3398,0.000,44.006,8.948
3399,1.159,44.063,8.952
3400,1.477,44.070,8.957
3401,0.854,44.071,8.951
3402,1.485,44.115,8.957
3403,1.489,44.143,8.957
3404,1.492,44.161,8.957
3405,0.278,44.166,8.945
3406,1.173,44.171,8.951
3407,0.869,44.232,8.947
3408,0.570,44.237,8.945
3409,1.182,44.241,8.950
3410,1.188,44.286,8.950
3411,1.191,44.315,8.949
3412,0.000,44.328,8.939
3413,1.194,44.333,8.949
3414,0.879,44.341,8.945
3415,0.579,44.401,8.941
3416,0.285,44.403,8.939
3417,0.886,44.412,8.943
3418,0.891,44.458,8.942
3419,0.894,44.487,8.942
3420,0.895,44.505,8.941
3421,0.586,44.511,8.938
3422,0.000,44.569,8.932
3423,0.290,44.569,8.934
3424,0.591,44.583,8.936
3425,0.594,44.630,8.935
3426,0.596,44.659,8.934
3427,0.597,44.678,8.933
3428,0.293,44.681,8.930
3429,0.000,44.738,8.926
3430,0.295,44.755,8.928
3431,0.297,44.802,8.927
3432,0.298,44.831,8.926
3433,0.298,44.850,8.925
3434,0.000,44.852,8.922
3435,0.000,44.926,8.920
3436,0.000,44.973,8.918
3437,0.000,45.003,8.917
3438,0.000,45.022,8.917
