$
291
$
1
2
3
4
5
6
7
8
9
10
11
12
13
14
15
16
17
18
19
20
21
22
23
24
25
26
27
28
29
30
31
32
33
34
35
67
68
100
101
133
134
166
167
199
200
232
233
265
266
298
299
331
332
333
334
397
398
430
456
463
493
496
528
529
559
562
592
595
596
628
660
661
689
694
723
727
758
760
791
793
825
826
857
859
891
892
924
925
957
958
990
991
1022
1024
1056
1057
1089
1090
1122
1123
1155
1156
1187
1189
1220
1222
1254
1255
1285
1288
1318
1321
1353
1354
1386
1387
1416
1420
1449
1453
1474
1486
1487
1519
1520
1521
1522
1608
1609
1642
1643
1676
1677
1710
1711
1742
1743
1776
1777
1808
1809
1840
1841
1872
1873
1904
1905
1936
1937
1968
1969
2002
2003
2034
2035
2068
2069
2102
2103
2136
2137
2170
2171
2198
2199
2264
2265
2298
2299
2300
2301
2334
2335
2368
2369
2402
2403
2436
2437
2470
2471
2504
2505
2538
2539
2572
2573
2606
2607
2689
2703
2704
2707
2708
2709
2714
2719
2724
2741
2753
2767
2796
2801
2805
2828
2835
2849
2875
2900
2909
2912
2927
2945
2979
2980
2987
3006
3010
3041
3057
3059
3070
3071
3101
3108
3118
3128
3134
3145
3153
3154
3174
3177
3178
3189
3190
3199
3200
3202
3203
3208
3209
3212
3213
3216
3217
3218
3220
3221
3227
3232
3233
3239
3247
3250
3259
3263
3265
3272
3275
3279
3281
3283
3288
3297
3311
3317
3323
3334
3345
3348
3356
3367
3375
3377
3386
3395
3398
3404
3412
3413
3420
3422
3427
3429
3433
3434
3435
3436
3437
3438
